Temps d'exécution :0:00:00.350039
Les paramètres: 
La plaquette: [0, 1, 2, 3, 4, 5, 6, 7, 8, 9, 10, 11, 12, 13, 14, 15, 16, 17, 18, 19, 20, 21, 22, 23, 24, 25, 26, 27, 28, 29, 30, 31, 32, 33, 34, 35, 36, 37, 38, 39, 40, 41, 42, 43, 44, 45, 46, 47, 48, 49], Nombre de pas: 10*10=100
Résultat du lancement de l'algo: 
Fitness obtenue: 5833684 après 76 pas
Nombre de fitness calculé en tout: 100
Placement pour chaque équipement obtenu: [29, 8, 35, 45, 20, 18, 19, 25, 41, 43, 2, 7, 12, 5, 17, 34, 22, 26, 39, 0, 32, 10, 37, 13, 49, 23, 31, 44, 1, 9, 21, 6, 11, 40, 30, 16, 46, 15, 38, 24, 27, 36, 14, 47, 42, 3, 4, 33, 28, 48]
----------------------------------------------------------------------------------
Temps d'exécution :0:00:00.333248
Les paramètres: 
La plaquette: [49, 48, 47, 46, 45, 44, 43, 42, 41, 40, 39, 38, 37, 36, 35, 34, 33, 32, 31, 30, 29, 28, 27, 26, 25, 24, 23, 22, 21, 20, 19, 18, 17, 16, 15, 14, 13, 12, 11, 10, 9, 8, 7, 6, 5, 4, 3, 2, 1, 0], Nombre de pas: 10*10=100
Résultat du lancement de l'algo: 
Fitness obtenue: 5864524 après 21 pas
Nombre de fitness calculé en tout: 100
Placement pour chaque équipement obtenu: [25, 33, 6, 44, 4, 5, 34, 45, 8, 2, 10, 9, 12, 16, 14, 15, 11, 29, 18, 19, 43, 21, 22, 23, 24, 0, 26, 17, 28, 27, 42, 48, 32, 1, 13, 49, 36, 37, 41, 3, 40, 38, 30, 20, 39, 7, 46, 47, 31, 35]
----------------------------------------------------------------------------------
Temps d'exécution :0:00:00.242251
Les paramètres: 
La plaquette: [0, 2, 4, 6, 8, 10, 12, 14, 16, 18, 20, 22, 24, 26, 28, 30, 32, 34, 36, 38, 40, 42, 44, 46, 48, 1, 3, 5, 7, 9, 11, 13, 15, 17, 19, 21, 23, 25, 27, 29, 31, 33, 35, 37, 39, 41, 43, 45, 47, 49], Nombre de pas: 10*10=100
Résultat du lancement de l'algo: 
Fitness obtenue: 5871736 après 56 pas
Nombre de fitness calculé en tout: 100
Placement pour chaque équipement obtenu: [25, 13, 32, 41, 14, 36, 6, 18, 8, 20, 43, 39, 30, 33, 49, 21, 37, 10, 40, 19, 42, 35, 17, 23, 48, 16, 44, 15, 28, 11, 5, 31, 27, 1, 0, 34, 4, 3, 38, 26, 7, 9, 2, 12, 47, 45, 22, 29, 24, 46]
----------------------------------------------------------------------------------
Temps d'exécution :0:00:02.073978
Les paramètres: 
La plaquette: [0, 1, 2, 3, 4, 5, 6, 7, 8, 9, 10, 11, 12, 13, 14, 15, 16, 17, 18, 19, 20, 21, 22, 23, 24, 25, 26, 27, 28, 29, 30, 31, 32, 33, 34, 35, 36, 37, 38, 39, 40, 41, 42, 43, 44, 45, 46, 47, 48, 49], Nombre de pas: 100*10=1000
Résultat du lancement de l'algo: 
Fitness obtenue: 5901812 après 43 pas
Nombre de fitness calculé en tout: 1000
Placement pour chaque équipement obtenu: [48, 4, 44, 16, 21, 27, 6, 28, 8, 40, 47, 11, 24, 13, 20, 32, 12, 9, 18, 37, 10, 38, 1, 45, 31, 35, 7, 5, 17, 29, 34, 0, 42, 33, 19, 22, 36, 15, 2, 14, 25, 41, 26, 43, 39, 23, 46, 30, 3, 49]
----------------------------------------------------------------------------------
Temps d'exécution :0:00:01.708572
Les paramètres: 
La plaquette: [49, 48, 47, 46, 45, 44, 43, 42, 41, 40, 39, 38, 37, 36, 35, 34, 33, 32, 31, 30, 29, 28, 27, 26, 25, 24, 23, 22, 21, 20, 19, 18, 17, 16, 15, 14, 13, 12, 11, 10, 9, 8, 7, 6, 5, 4, 3, 2, 1, 0], Nombre de pas: 100*10=1000
Résultat du lancement de l'algo: 
Fitness obtenue: 5836490 après 715 pas
Nombre de fitness calculé en tout: 1000
Placement pour chaque équipement obtenu: [35, 24, 17, 26, 45, 22, 28, 38, 18, 31, 47, 25, 42, 12, 3, 41, 32, 14, 37, 34, 0, 2, 1, 9, 8, 27, 23, 33, 21, 15, 49, 48, 30, 44, 4, 29, 39, 7, 16, 20, 13, 6, 5, 36, 40, 46, 43, 10, 19, 11]
----------------------------------------------------------------------------------
Temps d'exécution :0:00:01.653122
Les paramètres: 
La plaquette: [0, 2, 4, 6, 8, 10, 12, 14, 16, 18, 20, 22, 24, 26, 28, 30, 32, 34, 36, 38, 40, 42, 44, 46, 48, 1, 3, 5, 7, 9, 11, 13, 15, 17, 19, 21, 23, 25, 27, 29, 31, 33, 35, 37, 39, 41, 43, 45, 47, 49], Nombre de pas: 100*10=1000
Résultat du lancement de l'algo: 
Fitness obtenue: 5855406 après 396 pas
Nombre de fitness calculé en tout: 1000
Placement pour chaque équipement obtenu: [7, 36, 30, 45, 49, 32, 42, 14, 2, 46, 48, 4, 23, 13, 44, 47, 27, 9, 8, 43, 12, 10, 16, 19, 26, 33, 38, 6, 41, 35, 34, 39, 11, 3, 0, 1, 21, 24, 15, 37, 17, 40, 31, 20, 5, 25, 18, 29, 22, 28]
----------------------------------------------------------------------------------
Temps d'exécution :0:00:16.439109
Les paramètres: 
La plaquette: [0, 1, 2, 3, 4, 5, 6, 7, 8, 9, 10, 11, 12, 13, 14, 15, 16, 17, 18, 19, 20, 21, 22, 23, 24, 25, 26, 27, 28, 29, 30, 31, 32, 33, 34, 35, 36, 37, 38, 39, 40, 41, 42, 43, 44, 45, 46, 47, 48, 49], Nombre de pas: 1000*10=10000
Résultat du lancement de l'algo: 
Fitness obtenue: 5853020 après 226 pas
Nombre de fitness calculé en tout: 10000
Placement pour chaque équipement obtenu: [11, 37, 15, 25, 0, 28, 47, 4, 3, 46, 14, 27, 41, 9, 44, 42, 7, 17, 1, 49, 38, 43, 31, 10, 34, 20, 13, 12, 45, 48, 32, 39, 21, 6, 30, 33, 19, 23, 8, 24, 16, 35, 5, 29, 18, 26, 22, 2, 36, 40]
----------------------------------------------------------------------------------
Temps d'exécution :0:00:15.893094
Les paramètres: 
La plaquette: [49, 48, 47, 46, 45, 44, 43, 42, 41, 40, 39, 38, 37, 36, 35, 34, 33, 32, 31, 30, 29, 28, 27, 26, 25, 24, 23, 22, 21, 20, 19, 18, 17, 16, 15, 14, 13, 12, 11, 10, 9, 8, 7, 6, 5, 4, 3, 2, 1, 0], Nombre de pas: 1000*10=10000
Résultat du lancement de l'algo: 
Fitness obtenue: 5879168 après 208 pas
Nombre de fitness calculé en tout: 10000
Placement pour chaque équipement obtenu: [46, 30, 24, 34, 43, 17, 13, 16, 31, 3, 22, 18, 21, 42, 15, 35, 36, 27, 28, 5, 20, 26, 33, 37, 32, 38, 23, 7, 45, 49, 44, 47, 40, 4, 41, 25, 14, 29, 11, 8, 0, 9, 1, 12, 10, 39, 2, 19, 48, 6]
----------------------------------------------------------------------------------
Temps d'exécution :0:00:14.642604
Les paramètres: 
La plaquette: [0, 2, 4, 6, 8, 10, 12, 14, 16, 18, 20, 22, 24, 26, 28, 30, 32, 34, 36, 38, 40, 42, 44, 46, 48, 1, 3, 5, 7, 9, 11, 13, 15, 17, 19, 21, 23, 25, 27, 29, 31, 33, 35, 37, 39, 41, 43, 45, 47, 49], Nombre de pas: 1000*10=10000
Résultat du lancement de l'algo: 
Fitness obtenue: 5843512 après 349 pas
Nombre de fitness calculé en tout: 10000
Placement pour chaque équipement obtenu: [14, 31, 42, 28, 26, 43, 9, 34, 7, 33, 11, 17, 1, 27, 37, 32, 29, 6, 21, 49, 44, 8, 46, 47, 36, 35, 41, 10, 5, 16, 38, 45, 48, 0, 40, 30, 18, 3, 2, 19, 13, 24, 4, 22, 20, 39, 12, 23, 25, 15]
----------------------------------------------------------------------------------
Temps d'exécution :0:00:01.646166
Les paramètres: 
La plaquette: [0, 1, 2, 3, 4, 5, 6, 7, 8, 9, 10, 11, 12, 13, 14, 15, 16, 17, 18, 19, 20, 21, 22, 23, 24, 25, 26, 27, 28, 29, 30, 31, 32, 33, 34, 35, 36, 37, 38, 39, 40, 41, 42, 43, 44, 45, 46, 47, 48, 49], Nombre de pas: 10*100=1000
Résultat du lancement de l'algo: 
Fitness obtenue: 5816396 après 736 pas
Nombre de fitness calculé en tout: 1000
Placement pour chaque équipement obtenu: [1, 40, 39, 14, 5, 15, 42, 27, 24, 3, 32, 45, 0, 48, 22, 10, 49, 25, 23, 19, 16, 20, 31, 4, 44, 41, 7, 37, 47, 30, 38, 43, 34, 8, 6, 35, 12, 18, 33, 11, 21, 17, 13, 28, 29, 46, 9, 2, 26, 36]
----------------------------------------------------------------------------------
Temps d'exécution :0:00:01.591180
Les paramètres: 
La plaquette: [49, 48, 47, 46, 45, 44, 43, 42, 41, 40, 39, 38, 37, 36, 35, 34, 33, 32, 31, 30, 29, 28, 27, 26, 25, 24, 23, 22, 21, 20, 19, 18, 17, 16, 15, 14, 13, 12, 11, 10, 9, 8, 7, 6, 5, 4, 3, 2, 1, 0], Nombre de pas: 10*100=1000
Résultat du lancement de l'algo: 
Fitness obtenue: 5785816 après 82 pas
Nombre de fitness calculé en tout: 1000
Placement pour chaque équipement obtenu: [30, 1, 17, 49, 34, 11, 44, 43, 36, 24, 10, 3, 7, 20, 32, 39, 0, 42, 18, 13, 12, 15, 9, 5, 33, 45, 26, 2, 23, 14, 27, 19, 47, 37, 21, 35, 48, 8, 40, 28, 4, 22, 31, 16, 41, 6, 29, 38, 46, 25]
----------------------------------------------------------------------------------
Temps d'exécution :0:00:01.847516
Les paramètres: 
La plaquette: [0, 2, 4, 6, 8, 10, 12, 14, 16, 18, 20, 22, 24, 26, 28, 30, 32, 34, 36, 38, 40, 42, 44, 46, 48, 1, 3, 5, 7, 9, 11, 13, 15, 17, 19, 21, 23, 25, 27, 29, 31, 33, 35, 37, 39, 41, 43, 45, 47, 49], Nombre de pas: 10*100=1000
Résultat du lancement de l'algo: 
Fitness obtenue: 5790512 après 637 pas
Nombre de fitness calculé en tout: 1000
Placement pour chaque équipement obtenu: [20, 15, 47, 12, 4, 37, 45, 13, 16, 23, 17, 27, 18, 11, 8, 21, 41, 46, 49, 6, 34, 2, 7, 24, 19, 39, 14, 42, 32, 3, 0, 10, 38, 44, 31, 35, 43, 22, 5, 48, 26, 25, 40, 28, 1, 33, 36, 9, 29, 30]
----------------------------------------------------------------------------------
Temps d'exécution :0:00:17.754666
Les paramètres: 
La plaquette: [0, 1, 2, 3, 4, 5, 6, 7, 8, 9, 10, 11, 12, 13, 14, 15, 16, 17, 18, 19, 20, 21, 22, 23, 24, 25, 26, 27, 28, 29, 30, 31, 32, 33, 34, 35, 36, 37, 38, 39, 40, 41, 42, 43, 44, 45, 46, 47, 48, 49], Nombre de pas: 100*100=10000
Résultat du lancement de l'algo: 
Fitness obtenue: 5782630 après 396 pas
Nombre de fitness calculé en tout: 10000
Placement pour chaque équipement obtenu: [44, 10, 45, 49, 11, 31, 21, 28, 25, 36, 19, 43, 27, 39, 16, 2, 14, 6, 8, 24, 47, 7, 4, 20, 34, 48, 29, 26, 33, 22, 18, 46, 12, 1, 17, 3, 35, 40, 32, 23, 37, 30, 15, 9, 5, 0, 38, 13, 42, 41]
----------------------------------------------------------------------------------
Temps d'exécution :0:00:21.146434
Les paramètres: 
La plaquette: [49, 48, 47, 46, 45, 44, 43, 42, 41, 40, 39, 38, 37, 36, 35, 34, 33, 32, 31, 30, 29, 28, 27, 26, 25, 24, 23, 22, 21, 20, 19, 18, 17, 16, 15, 14, 13, 12, 11, 10, 9, 8, 7, 6, 5, 4, 3, 2, 1, 0], Nombre de pas: 100*100=10000
Résultat du lancement de l'algo: 
Fitness obtenue: 5788172 après 106 pas
Nombre de fitness calculé en tout: 10000
Placement pour chaque équipement obtenu: [4, 33, 48, 36, 19, 14, 11, 23, 13, 9, 34, 32, 27, 38, 22, 3, 35, 29, 21, 47, 28, 18, 8, 20, 12, 5, 42, 2, 49, 39, 0, 26, 43, 16, 7, 6, 37, 10, 40, 41, 24, 46, 17, 44, 15, 45, 1, 31, 30, 25]
----------------------------------------------------------------------------------
Temps d'exécution :0:00:21.950127
Les paramètres: 
La plaquette: [0, 2, 4, 6, 8, 10, 12, 14, 16, 18, 20, 22, 24, 26, 28, 30, 32, 34, 36, 38, 40, 42, 44, 46, 48, 1, 3, 5, 7, 9, 11, 13, 15, 17, 19, 21, 23, 25, 27, 29, 31, 33, 35, 37, 39, 41, 43, 45, 47, 49], Nombre de pas: 100*100=10000
Résultat du lancement de l'algo: 
Fitness obtenue: 5795746 après 1349 pas
Nombre de fitness calculé en tout: 10000
Placement pour chaque équipement obtenu: [11, 15, 39, 40, 23, 46, 27, 30, 19, 7, 33, 21, 47, 17, 12, 36, 32, 14, 41, 45, 42, 3, 6, 1, 28, 34, 4, 5, 48, 49, 44, 43, 38, 2, 20, 29, 8, 9, 24, 10, 31, 35, 16, 0, 26, 13, 18, 22, 37, 25]
----------------------------------------------------------------------------------
Temps d'exécution :0:03:04.341323
Les paramètres: 
La plaquette: [0, 1, 2, 3, 4, 5, 6, 7, 8, 9, 10, 11, 12, 13, 14, 15, 16, 17, 18, 19, 20, 21, 22, 23, 24, 25, 26, 27, 28, 29, 30, 31, 32, 33, 34, 35, 36, 37, 38, 39, 40, 41, 42, 43, 44, 45, 46, 47, 48, 49], Nombre de pas: 1000*100=100000
Résultat du lancement de l'algo: 
Fitness obtenue: 5768394 après 743 pas
Nombre de fitness calculé en tout: 100000
Placement pour chaque équipement obtenu: [6, 49, 9, 33, 1, 29, 4, 47, 23, 34, 31, 38, 18, 19, 45, 21, 0, 16, 12, 10, 17, 26, 28, 20, 37, 25, 44, 46, 8, 27, 22, 14, 11, 41, 24, 36, 39, 15, 7, 43, 30, 32, 40, 13, 48, 5, 35, 3, 2, 42]
----------------------------------------------------------------------------------
Temps d'exécution :0:02:54.894000
Les paramètres: 
La plaquette: [49, 48, 47, 46, 45, 44, 43, 42, 41, 40, 39, 38, 37, 36, 35, 34, 33, 32, 31, 30, 29, 28, 27, 26, 25, 24, 23, 22, 21, 20, 19, 18, 17, 16, 15, 14, 13, 12, 11, 10, 9, 8, 7, 6, 5, 4, 3, 2, 1, 0], Nombre de pas: 1000*100=100000
Résultat du lancement de l'algo: 
Fitness obtenue: 5808822 après 1514 pas
Nombre de fitness calculé en tout: 100000
Placement pour chaque équipement obtenu: [48, 46, 16, 40, 47, 3, 43, 39, 24, 38, 33, 23, 1, 19, 12, 8, 15, 27, 14, 9, 0, 41, 18, 49, 20, 13, 10, 25, 26, 6, 17, 37, 2, 28, 4, 44, 32, 45, 31, 34, 29, 35, 36, 5, 30, 22, 11, 21, 42, 7]
----------------------------------------------------------------------------------
Temps d'exécution :0:02:53.985935
Les paramètres: 
La plaquette: [0, 2, 4, 6, 8, 10, 12, 14, 16, 18, 20, 22, 24, 26, 28, 30, 32, 34, 36, 38, 40, 42, 44, 46, 48, 1, 3, 5, 7, 9, 11, 13, 15, 17, 19, 21, 23, 25, 27, 29, 31, 33, 35, 37, 39, 41, 43, 45, 47, 49], Nombre de pas: 1000*100=100000
Résultat du lancement de l'algo: 
Fitness obtenue: 5775488 après 2578 pas
Nombre de fitness calculé en tout: 100000
Placement pour chaque équipement obtenu: [42, 45, 22, 5, 21, 16, 31, 23, 32, 38, 18, 29, 4, 13, 6, 7, 40, 33, 43, 30, 12, 1, 47, 39, 49, 20, 28, 48, 26, 14, 11, 17, 19, 10, 41, 2, 24, 0, 8, 9, 35, 34, 15, 44, 25, 3, 27, 46, 36, 37]
----------------------------------------------------------------------------------
Temps d'exécution :0:00:15.726795
Les paramètres: 
La plaquette: [0, 1, 2, 3, 4, 5, 6, 7, 8, 9, 10, 11, 12, 13, 14, 15, 16, 17, 18, 19, 20, 21, 22, 23, 24, 25, 26, 27, 28, 29, 30, 31, 32, 33, 34, 35, 36, 37, 38, 39, 40, 41, 42, 43, 44, 45, 46, 47, 48, 49], Nombre de pas: 10*1000=10000
Résultat du lancement de l'algo: 
Fitness obtenue: 5793692 après 7766 pas
Nombre de fitness calculé en tout: 10000
Placement pour chaque équipement obtenu: [21, 14, 24, 15, 27, 6, 11, 8, 22, 19, 42, 13, 43, 16, 5, 29, 25, 46, 30, 31, 3, 41, 36, 34, 48, 44, 4, 23, 2, 28, 35, 33, 45, 10, 49, 7, 12, 40, 32, 37, 17, 20, 0, 1, 26, 18, 39, 47, 38, 9]
----------------------------------------------------------------------------------
Temps d'exécution :0:00:17.184281
Les paramètres: 
La plaquette: [49, 48, 47, 46, 45, 44, 43, 42, 41, 40, 39, 38, 37, 36, 35, 34, 33, 32, 31, 30, 29, 28, 27, 26, 25, 24, 23, 22, 21, 20, 19, 18, 17, 16, 15, 14, 13, 12, 11, 10, 9, 8, 7, 6, 5, 4, 3, 2, 1, 0], Nombre de pas: 10*1000=10000
Résultat du lancement de l'algo: 
Fitness obtenue: 5791308 après 9526 pas
Nombre de fitness calculé en tout: 10000
Placement pour chaque équipement obtenu: [23, 48, 6, 28, 0, 10, 46, 21, 34, 37, 16, 4, 43, 31, 2, 12, 3, 32, 30, 36, 29, 38, 44, 49, 41, 26, 20, 14, 22, 47, 15, 18, 25, 1, 27, 24, 13, 8, 7, 39, 5, 9, 11, 19, 42, 40, 17, 35, 45, 33]
----------------------------------------------------------------------------------
Temps d'exécution :0:00:17.449940
Les paramètres: 
La plaquette: [0, 2, 4, 6, 8, 10, 12, 14, 16, 18, 20, 22, 24, 26, 28, 30, 32, 34, 36, 38, 40, 42, 44, 46, 48, 1, 3, 5, 7, 9, 11, 13, 15, 17, 19, 21, 23, 25, 27, 29, 31, 33, 35, 37, 39, 41, 43, 45, 47, 49], Nombre de pas: 10*1000=10000
Résultat du lancement de l'algo: 
Fitness obtenue: 5755042 après 8169 pas
Nombre de fitness calculé en tout: 10000
Placement pour chaque équipement obtenu: [4, 17, 10, 16, 29, 8, 14, 42, 5, 21, 25, 24, 38, 22, 19, 30, 0, 46, 2, 15, 3, 40, 31, 48, 39, 20, 33, 27, 13, 35, 26, 28, 12, 11, 45, 34, 41, 43, 23, 44, 18, 49, 1, 6, 36, 47, 32, 37, 7, 9]
----------------------------------------------------------------------------------
Temps d'exécution :0:02:57.512385
Les paramètres: 
La plaquette: [0, 1, 2, 3, 4, 5, 6, 7, 8, 9, 10, 11, 12, 13, 14, 15, 16, 17, 18, 19, 20, 21, 22, 23, 24, 25, 26, 27, 28, 29, 30, 31, 32, 33, 34, 35, 36, 37, 38, 39, 40, 41, 42, 43, 44, 45, 46, 47, 48, 49], Nombre de pas: 100*1000=100000
Résultat du lancement de l'algo: 
Fitness obtenue: 5761608 après 852 pas
Nombre de fitness calculé en tout: 100000
Placement pour chaque équipement obtenu: [43, 1, 48, 44, 19, 41, 28, 39, 16, 22, 15, 11, 25, 46, 26, 33, 27, 10, 2, 18, 49, 8, 9, 0, 40, 23, 30, 13, 35, 34, 4, 24, 3, 7, 12, 29, 37, 6, 31, 5, 45, 38, 47, 32, 20, 36, 21, 14, 17, 42]
----------------------------------------------------------------------------------
Temps d'exécution :0:02:35.603518
Les paramètres: 
La plaquette: [49, 48, 47, 46, 45, 44, 43, 42, 41, 40, 39, 38, 37, 36, 35, 34, 33, 32, 31, 30, 29, 28, 27, 26, 25, 24, 23, 22, 21, 20, 19, 18, 17, 16, 15, 14, 13, 12, 11, 10, 9, 8, 7, 6, 5, 4, 3, 2, 1, 0], Nombre de pas: 100*1000=100000
Résultat du lancement de l'algo: 
Fitness obtenue: 5754050 après 51222 pas
Nombre de fitness calculé en tout: 100000
Placement pour chaque équipement obtenu: [20, 46, 2, 47, 13, 0, 36, 21, 33, 19, 27, 34, 9, 44, 49, 42, 10, 5, 25, 30, 32, 4, 15, 12, 7, 40, 31, 37, 24, 26, 43, 39, 17, 29, 22, 28, 1, 41, 18, 45, 16, 38, 14, 3, 23, 11, 6, 48, 35, 8]
----------------------------------------------------------------------------------
Temps d'exécution :0:02:34.516348
Les paramètres: 
La plaquette: [0, 2, 4, 6, 8, 10, 12, 14, 16, 18, 20, 22, 24, 26, 28, 30, 32, 34, 36, 38, 40, 42, 44, 46, 48, 1, 3, 5, 7, 9, 11, 13, 15, 17, 19, 21, 23, 25, 27, 29, 31, 33, 35, 37, 39, 41, 43, 45, 47, 49], Nombre de pas: 100*1000=100000
Résultat du lancement de l'algo: 
Fitness obtenue: 5764288 après 13460 pas
Nombre de fitness calculé en tout: 100000
Placement pour chaque équipement obtenu: [39, 43, 3, 2, 12, 47, 4, 38, 8, 15, 25, 30, 42, 48, 45, 16, 9, 23, 26, 36, 29, 37, 40, 21, 46, 1, 27, 19, 33, 0, 10, 28, 18, 35, 49, 5, 22, 34, 7, 11, 44, 41, 13, 14, 6, 31, 32, 17, 20, 24]
----------------------------------------------------------------------------------
Temps d'exécution :0:25:13.054818
Les paramètres: 
La plaquette: [0, 1, 2, 3, 4, 5, 6, 7, 8, 9, 10, 11, 12, 13, 14, 15, 16, 17, 18, 19, 20, 21, 22, 23, 24, 25, 26, 27, 28, 29, 30, 31, 32, 33, 34, 35, 36, 37, 38, 39, 40, 41, 42, 43, 44, 45, 46, 47, 48, 49], Nombre de pas: 1000*1000=1000000
Résultat du lancement de l'algo: 
Fitness obtenue: 5754738 après 3688 pas
Nombre de fitness calculé en tout: 1000000
Placement pour chaque équipement obtenu: [48, 19, 12, 30, 49, 43, 17, 16, 22, 23, 0, 24, 31, 40, 8, 35, 37, 29, 33, 44, 36, 11, 28, 5, 6, 7, 45, 47, 21, 14, 32, 25, 2, 9, 4, 38, 42, 10, 3, 39, 27, 1, 46, 18, 20, 34, 26, 41, 15, 13]
----------------------------------------------------------------------------------
Temps d'exécution :0:11:39.429043
Les paramètres: 
La plaquette: [49, 48, 47, 46, 45, 44, 43, 42, 41, 40, 39, 38, 37, 36, 35, 34, 33, 32, 31, 30, 29, 28, 27, 26, 25, 24, 23, 22, 21, 20, 19, 18, 17, 16, 15, 14, 13, 12, 11, 10, 9, 8, 7, 6, 5, 4, 3, 2, 1, 0], Nombre de pas: 1000*1000=1000000
Résultat du lancement de l'algo: 
Fitness obtenue: 5757532 après 37111 pas
Nombre de fitness calculé en tout: 1000000
Placement pour chaque équipement obtenu: [34, 2, 35, 43, 1, 36, 29, 23, 10, 8, 12, 49, 39, 7, 14, 46, 6, 16, 28, 26, 9, 37, 42, 18, 48, 47, 33, 20, 22, 4, 31, 15, 30, 45, 32, 24, 41, 40, 0, 38, 19, 25, 17, 5, 3, 13, 44, 21, 11, 27]
----------------------------------------------------------------------------------
Temps d'exécution :0:11:59.123104
Les paramètres: 
La plaquette: [0, 2, 4, 6, 8, 10, 12, 14, 16, 18, 20, 22, 24, 26, 28, 30, 32, 34, 36, 38, 40, 42, 44, 46, 48, 1, 3, 5, 7, 9, 11, 13, 15, 17, 19, 21, 23, 25, 27, 29, 31, 33, 35, 37, 39, 41, 43, 45, 47, 49], Nombre de pas: 1000*1000=1000000
Résultat du lancement de l'algo: 
Fitness obtenue: 5782374 après 873 pas
Nombre de fitness calculé en tout: 1000000
Placement pour chaque équipement obtenu: [31, 9, 41, 46, 43, 3, 18, 24, 11, 36, 22, 21, 33, 27, 48, 34, 5, 35, 30, 26, 23, 7, 13, 42, 45, 32, 40, 28, 25, 20, 39, 17, 6, 37, 10, 29, 15, 2, 49, 14, 12, 1, 4, 0, 19, 47, 8, 38, 16, 44]
----------------------------------------------------------------------------------
Temps d'exécution :0:00:00.071214
Les paramètres: 
La plaquette: [0, 1, 2, 3, 4, 5, 6, 7, 8, 9, 10, 11, 12, 13, 14, 15, 16, 17, 18, 19, 20, 21, 22, 23, 24, 25, 26, 27, 28, 29, 30, 31, 32, 33, 34, 35, 36, 37, 38, 39, 40, 41, 42, 43, 44, 45, 46, 47, 48, 49], Nombre de pas: 10*10=100
Résultat du lancement de l'algo: 
Fitness obtenue: 5801972 après 35 pas
Nombre de fitness calculé en tout: 100
Placement pour chaque équipement obtenu: [46, 16, 8, 3, 29, 4, 30, 7, 37, 9, 10, 11, 34, 20, 36, 6, 1, 19, 48, 44, 38, 21, 13, 23, 24, 25, 26, 27, 28, 5, 12, 31, 32, 18, 17, 35, 14, 22, 40, 39, 33, 0, 42, 43, 15, 47, 41, 45, 2, 49]
----------------------------------------------------------------------------------
Temps d'exécution :0:00:00.071282
Les paramètres: 
La plaquette: [49, 48, 47, 46, 45, 44, 43, 42, 41, 40, 39, 38, 37, 36, 35, 34, 33, 32, 31, 30, 29, 28, 27, 26, 25, 24, 23, 22, 21, 20, 19, 18, 17, 16, 15, 14, 13, 12, 11, 10, 9, 8, 7, 6, 5, 4, 3, 2, 1, 0], Nombre de pas: 10*10=100
Résultat du lancement de l'algo: 
Fitness obtenue: 5875842 après 83 pas
Nombre de fitness calculé en tout: 100
Placement pour chaque équipement obtenu: [36, 7, 0, 23, 46, 42, 32, 15, 29, 10, 20, 38, 9, 13, 49, 43, 16, 3, 26, 25, 1, 8, 17, 47, 11, 21, 37, 24, 18, 48, 30, 2, 19, 34, 12, 4, 27, 39, 28, 33, 14, 41, 22, 44, 40, 31, 5, 45, 6, 35]
----------------------------------------------------------------------------------
Temps d'exécution :0:00:00.071248
Les paramètres: 
La plaquette: [0, 2, 4, 6, 8, 10, 12, 14, 16, 18, 20, 22, 24, 26, 28, 30, 32, 34, 36, 38, 40, 42, 44, 46, 48, 1, 3, 5, 7, 9, 11, 13, 15, 17, 19, 21, 23, 25, 27, 29, 31, 33, 35, 37, 39, 41, 43, 45, 47, 49], Nombre de pas: 10*10=100
Résultat du lancement de l'algo: 
Fitness obtenue: 5874224 après 94 pas
Nombre de fitness calculé en tout: 100
Placement pour chaque équipement obtenu: [14, 8, 6, 47, 44, 27, 7, 19, 23, 43, 31, 48, 38, 17, 30, 36, 3, 4, 49, 1, 25, 24, 22, 33, 15, 9, 26, 28, 5, 32, 40, 37, 13, 45, 42, 12, 10, 20, 46, 0, 11, 41, 18, 2, 21, 16, 34, 29, 39, 35]
----------------------------------------------------------------------------------
Temps d'exécution :0:00:00.699759
Les paramètres: 
La plaquette: [0, 1, 2, 3, 4, 5, 6, 7, 8, 9, 10, 11, 12, 13, 14, 15, 16, 17, 18, 19, 20, 21, 22, 23, 24, 25, 26, 27, 28, 29, 30, 31, 32, 33, 34, 35, 36, 37, 38, 39, 40, 41, 42, 43, 44, 45, 46, 47, 48, 49], Nombre de pas: 100*10=1000
Résultat du lancement de l'algo: 
Fitness obtenue: 5852892 après 110 pas
Nombre de fitness calculé en tout: 1000
Placement pour chaque équipement obtenu: [2, 13, 46, 12, 7, 0, 16, 27, 30, 9, 19, 22, 43, 14, 31, 25, 36, 38, 5, 48, 20, 37, 17, 26, 6, 32, 4, 39, 3, 18, 49, 8, 29, 34, 1, 35, 41, 44, 47, 15, 11, 24, 10, 33, 40, 23, 21, 42, 45, 28]
----------------------------------------------------------------------------------
Temps d'exécution :0:00:00.692991
Les paramètres: 
La plaquette: [49, 48, 47, 46, 45, 44, 43, 42, 41, 40, 39, 38, 37, 36, 35, 34, 33, 32, 31, 30, 29, 28, 27, 26, 25, 24, 23, 22, 21, 20, 19, 18, 17, 16, 15, 14, 13, 12, 11, 10, 9, 8, 7, 6, 5, 4, 3, 2, 1, 0], Nombre de pas: 100*10=1000
Résultat du lancement de l'algo: 
Fitness obtenue: 5832736 après 403 pas
Nombre de fitness calculé en tout: 1000
Placement pour chaque équipement obtenu: [15, 49, 3, 24, 28, 48, 33, 16, 18, 13, 26, 36, 21, 32, 20, 29, 9, 19, 44, 4, 6, 0, 23, 10, 2, 22, 37, 5, 7, 41, 8, 34, 45, 42, 39, 17, 38, 47, 12, 40, 27, 25, 30, 43, 46, 35, 14, 1, 31, 11]
----------------------------------------------------------------------------------
Temps d'exécution :0:00:00.709550
Les paramètres: 
La plaquette: [0, 2, 4, 6, 8, 10, 12, 14, 16, 18, 20, 22, 24, 26, 28, 30, 32, 34, 36, 38, 40, 42, 44, 46, 48, 1, 3, 5, 7, 9, 11, 13, 15, 17, 19, 21, 23, 25, 27, 29, 31, 33, 35, 37, 39, 41, 43, 45, 47, 49], Nombre de pas: 100*10=1000
Résultat du lancement de l'algo: 
Fitness obtenue: 5849008 après 734 pas
Nombre de fitness calculé en tout: 1000
Placement pour chaque équipement obtenu: [28, 1, 2, 16, 23, 19, 49, 41, 21, 7, 20, 40, 35, 24, 37, 31, 3, 46, 29, 4, 27, 33, 22, 11, 18, 45, 32, 6, 42, 15, 44, 17, 36, 48, 13, 12, 5, 43, 14, 34, 25, 30, 9, 26, 39, 10, 0, 47, 8, 38]
----------------------------------------------------------------------------------
Temps d'exécution :0:00:08.808357
Les paramètres: 
La plaquette: [0, 1, 2, 3, 4, 5, 6, 7, 8, 9, 10, 11, 12, 13, 14, 15, 16, 17, 18, 19, 20, 21, 22, 23, 24, 25, 26, 27, 28, 29, 30, 31, 32, 33, 34, 35, 36, 37, 38, 39, 40, 41, 42, 43, 44, 45, 46, 47, 48, 49], Nombre de pas: 1000*10=10000
Résultat du lancement de l'algo: 
Fitness obtenue: 5744362 après 893 pas
Nombre de fitness calculé en tout: 10000
Placement pour chaque équipement obtenu: [34, 1, 36, 33, 35, 31, 8, 11, 45, 20, 30, 16, 0, 42, 12, 13, 28, 43, 26, 3, 24, 32, 48, 22, 2, 18, 23, 41, 6, 37, 4, 44, 17, 46, 40, 49, 19, 21, 7, 9, 47, 25, 29, 14, 10, 27, 5, 15, 38, 39]
----------------------------------------------------------------------------------
Temps d'exécution :0:00:06.997913
Les paramètres: 
La plaquette: [49, 48, 47, 46, 45, 44, 43, 42, 41, 40, 39, 38, 37, 36, 35, 34, 33, 32, 31, 30, 29, 28, 27, 26, 25, 24, 23, 22, 21, 20, 19, 18, 17, 16, 15, 14, 13, 12, 11, 10, 9, 8, 7, 6, 5, 4, 3, 2, 1, 0], Nombre de pas: 1000*10=10000
Résultat du lancement de l'algo: 
Fitness obtenue: 5801414 après 818 pas
Nombre de fitness calculé en tout: 10000
Placement pour chaque équipement obtenu: [14, 49, 28, 48, 10, 23, 4, 8, 32, 35, 2, 40, 17, 37, 20, 31, 43, 36, 25, 45, 0, 15, 47, 38, 24, 18, 27, 1, 9, 26, 22, 21, 33, 29, 6, 5, 16, 3, 39, 19, 44, 30, 12, 7, 13, 46, 41, 11, 34, 42]
----------------------------------------------------------------------------------
Temps d'exécution :0:00:06.853462
Les paramètres: 
La plaquette: [0, 2, 4, 6, 8, 10, 12, 14, 16, 18, 20, 22, 24, 26, 28, 30, 32, 34, 36, 38, 40, 42, 44, 46, 48, 1, 3, 5, 7, 9, 11, 13, 15, 17, 19, 21, 23, 25, 27, 29, 31, 33, 35, 37, 39, 41, 43, 45, 47, 49], Nombre de pas: 1000*10=10000
Résultat du lancement de l'algo: 
Fitness obtenue: 5799206 après 397 pas
Nombre de fitness calculé en tout: 10000
Placement pour chaque équipement obtenu: [34, 39, 10, 35, 5, 27, 15, 38, 0, 17, 18, 3, 1, 44, 19, 8, 26, 33, 21, 7, 36, 4, 14, 46, 20, 24, 6, 28, 49, 2, 12, 48, 29, 47, 41, 31, 32, 16, 43, 11, 13, 30, 40, 37, 42, 9, 45, 22, 23, 25]
----------------------------------------------------------------------------------
Temps d'exécution :0:00:00.682222
Les paramètres: 
La plaquette: [0, 1, 2, 3, 4, 5, 6, 7, 8, 9, 10, 11, 12, 13, 14, 15, 16, 17, 18, 19, 20, 21, 22, 23, 24, 25, 26, 27, 28, 29, 30, 31, 32, 33, 34, 35, 36, 37, 38, 39, 40, 41, 42, 43, 44, 45, 46, 47, 48, 49], Nombre de pas: 10*100=1000
Résultat du lancement de l'algo: 
Fitness obtenue: 5841058 après 16 pas
Nombre de fitness calculé en tout: 1000
Placement pour chaque équipement obtenu: [0, 26, 37, 44, 19, 5, 6, 7, 29, 24, 20, 11, 12, 13, 14, 15, 16, 17, 48, 1, 10, 21, 22, 23, 9, 25, 47, 27, 28, 8, 30, 31, 32, 33, 34, 35, 36, 2, 38, 39, 40, 41, 42, 43, 3, 45, 46, 4, 18, 49]
----------------------------------------------------------------------------------
Temps d'exécution :0:00:00.684175
Les paramètres: 
La plaquette: [49, 48, 47, 46, 45, 44, 43, 42, 41, 40, 39, 38, 37, 36, 35, 34, 33, 32, 31, 30, 29, 28, 27, 26, 25, 24, 23, 22, 21, 20, 19, 18, 17, 16, 15, 14, 13, 12, 11, 10, 9, 8, 7, 6, 5, 4, 3, 2, 1, 0], Nombre de pas: 10*100=1000
Résultat du lancement de l'algo: 
Fitness obtenue: 5808044 après 85 pas
Nombre de fitness calculé en tout: 1000
Placement pour chaque équipement obtenu: [16, 39, 32, 25, 4, 21, 49, 7, 26, 6, 27, 40, 14, 1, 33, 28, 11, 15, 13, 20, 3, 5, 23, 19, 37, 12, 44, 2, 9, 10, 0, 18, 17, 22, 45, 42, 31, 48, 43, 47, 24, 30, 36, 35, 29, 34, 8, 41, 46, 38]
----------------------------------------------------------------------------------
Temps d'exécution :0:00:00.680270
Les paramètres: 
La plaquette: [0, 2, 4, 6, 8, 10, 12, 14, 16, 18, 20, 22, 24, 26, 28, 30, 32, 34, 36, 38, 40, 42, 44, 46, 48, 1, 3, 5, 7, 9, 11, 13, 15, 17, 19, 21, 23, 25, 27, 29, 31, 33, 35, 37, 39, 41, 43, 45, 47, 49], Nombre de pas: 10*100=1000
Résultat du lancement de l'algo: 
Fitness obtenue: 5847204 après 99 pas
Nombre de fitness calculé en tout: 1000
Placement pour chaque équipement obtenu: [23, 4, 40, 45, 34, 5, 2, 17, 3, 46, 41, 19, 38, 25, 6, 48, 13, 32, 33, 0, 24, 21, 10, 29, 37, 1, 30, 26, 28, 49, 36, 39, 11, 35, 8, 47, 7, 12, 14, 31, 44, 27, 9, 43, 20, 15, 16, 18, 42, 22]
----------------------------------------------------------------------------------
Temps d'exécution :0:00:07.666501
Les paramètres: 
La plaquette: [0, 1, 2, 3, 4, 5, 6, 7, 8, 9, 10, 11, 12, 13, 14, 15, 16, 17, 18, 19, 20, 21, 22, 23, 24, 25, 26, 27, 28, 29, 30, 31, 32, 33, 34, 35, 36, 37, 38, 39, 40, 41, 42, 43, 44, 45, 46, 47, 48, 49], Nombre de pas: 100*100=10000
Résultat du lancement de l'algo: 
Fitness obtenue: 5760930 après 7501 pas
Nombre de fitness calculé en tout: 10000
Placement pour chaque équipement obtenu: [28, 43, 24, 39, 26, 14, 17, 15, 25, 0, 12, 23, 42, 29, 45, 32, 18, 5, 47, 38, 13, 3, 8, 33, 41, 16, 46, 11, 30, 7, 6, 36, 20, 21, 1, 9, 48, 31, 2, 44, 22, 10, 49, 37, 35, 34, 4, 27, 40, 19]
----------------------------------------------------------------------------------
Temps d'exécution :0:00:07.992420
Les paramètres: 
La plaquette: [49, 48, 47, 46, 45, 44, 43, 42, 41, 40, 39, 38, 37, 36, 35, 34, 33, 32, 31, 30, 29, 28, 27, 26, 25, 24, 23, 22, 21, 20, 19, 18, 17, 16, 15, 14, 13, 12, 11, 10, 9, 8, 7, 6, 5, 4, 3, 2, 1, 0], Nombre de pas: 100*100=10000
Résultat du lancement de l'algo: 
Fitness obtenue: 5758366 après 7982 pas
Nombre de fitness calculé en tout: 10000
Placement pour chaque équipement obtenu: [48, 3, 21, 31, 28, 1, 8, 45, 4, 6, 24, 35, 13, 49, 36, 43, 17, 0, 26, 40, 42, 16, 5, 15, 29, 30, 18, 11, 34, 46, 12, 22, 33, 32, 37, 20, 44, 38, 23, 19, 10, 47, 7, 14, 39, 9, 27, 25, 2, 41]
----------------------------------------------------------------------------------
Temps d'exécution :0:00:06.800759
Les paramètres: 
La plaquette: [0, 2, 4, 6, 8, 10, 12, 14, 16, 18, 20, 22, 24, 26, 28, 30, 32, 34, 36, 38, 40, 42, 44, 46, 48, 1, 3, 5, 7, 9, 11, 13, 15, 17, 19, 21, 23, 25, 27, 29, 31, 33, 35, 37, 39, 41, 43, 45, 47, 49], Nombre de pas: 100*100=10000
Résultat du lancement de l'algo: 
Fitness obtenue: 5733032 après 7535 pas
Nombre de fitness calculé en tout: 10000
Placement pour chaque équipement obtenu: [27, 6, 42, 48, 30, 24, 17, 35, 1, 43, 8, 39, 44, 2, 4, 33, 21, 9, 45, 47, 28, 46, 23, 31, 0, 12, 38, 25, 41, 16, 36, 37, 32, 11, 14, 19, 22, 10, 29, 40, 18, 20, 26, 15, 49, 5, 3, 13, 7, 34]
----------------------------------------------------------------------------------
Temps d'exécution :0:01:33.628255
Les paramètres: 
La plaquette: [0, 1, 2, 3, 4, 5, 6, 7, 8, 9, 10, 11, 12, 13, 14, 15, 16, 17, 18, 19, 20, 21, 22, 23, 24, 25, 26, 27, 28, 29, 30, 31, 32, 33, 34, 35, 36, 37, 38, 39, 40, 41, 42, 43, 44, 45, 46, 47, 48, 49], Nombre de pas: 1000*100=100000
Résultat du lancement de l'algo: 
Fitness obtenue: 5775170 après 4713 pas
Nombre de fitness calculé en tout: 100000
Placement pour chaque équipement obtenu: [7, 41, 15, 32, 11, 21, 40, 22, 38, 43, 12, 33, 16, 25, 36, 20, 46, 0, 10, 24, 4, 34, 23, 42, 39, 47, 2, 6, 49, 45, 44, 37, 26, 5, 3, 28, 31, 48, 13, 27, 17, 29, 35, 18, 9, 8, 30, 19, 1, 14]
----------------------------------------------------------------------------------
Temps d'exécution :0:01:12.445459
Les paramètres: 
La plaquette: [49, 48, 47, 46, 45, 44, 43, 42, 41, 40, 39, 38, 37, 36, 35, 34, 33, 32, 31, 30, 29, 28, 27, 26, 25, 24, 23, 22, 21, 20, 19, 18, 17, 16, 15, 14, 13, 12, 11, 10, 9, 8, 7, 6, 5, 4, 3, 2, 1, 0], Nombre de pas: 1000*100=100000
Résultat du lancement de l'algo: 
Fitness obtenue: 5759852 après 18560 pas
Nombre de fitness calculé en tout: 100000
Placement pour chaque équipement obtenu: [30, 10, 49, 15, 20, 34, 3, 46, 39, 18, 29, 37, 24, 28, 42, 44, 43, 31, 36, 11, 8, 19, 21, 38, 41, 14, 35, 45, 27, 48, 47, 2, 1, 22, 5, 17, 16, 7, 26, 25, 13, 0, 6, 23, 40, 12, 32, 4, 9, 33]
----------------------------------------------------------------------------------
Temps d'exécution :0:01:11.317737
Les paramètres: 
La plaquette: [0, 2, 4, 6, 8, 10, 12, 14, 16, 18, 20, 22, 24, 26, 28, 30, 32, 34, 36, 38, 40, 42, 44, 46, 48, 1, 3, 5, 7, 9, 11, 13, 15, 17, 19, 21, 23, 25, 27, 29, 31, 33, 35, 37, 39, 41, 43, 45, 47, 49], Nombre de pas: 1000*100=100000
Résultat du lancement de l'algo: 
Fitness obtenue: 5747294 après 3502 pas
Nombre de fitness calculé en tout: 100000
Placement pour chaque équipement obtenu: [8, 35, 45, 46, 33, 32, 4, 21, 24, 38, 49, 1, 42, 14, 16, 23, 6, 18, 43, 44, 34, 41, 31, 30, 9, 3, 47, 2, 37, 22, 28, 11, 5, 29, 0, 19, 25, 36, 40, 27, 20, 15, 48, 7, 13, 12, 10, 17, 39, 26]
----------------------------------------------------------------------------------
Temps d'exécution :0:00:07.157977
Les paramètres: 
La plaquette: [0, 1, 2, 3, 4, 5, 6, 7, 8, 9, 10, 11, 12, 13, 14, 15, 16, 17, 18, 19, 20, 21, 22, 23, 24, 25, 26, 27, 28, 29, 30, 31, 32, 33, 34, 35, 36, 37, 38, 39, 40, 41, 42, 43, 44, 45, 46, 47, 48, 49], Nombre de pas: 10*1000=10000
Résultat du lancement de l'algo: 
Fitness obtenue: 5785470 après 6766 pas
Nombre de fitness calculé en tout: 10000
Placement pour chaque équipement obtenu: [28, 7, 40, 1, 45, 10, 30, 41, 37, 13, 15, 34, 33, 46, 4, 3, 26, 43, 16, 14, 36, 44, 0, 32, 29, 47, 31, 11, 12, 6, 48, 23, 5, 2, 49, 38, 22, 19, 35, 24, 9, 42, 25, 39, 21, 8, 20, 18, 27, 17]
----------------------------------------------------------------------------------
Temps d'exécution :0:00:07.244838
Les paramètres: 
La plaquette: [49, 48, 47, 46, 45, 44, 43, 42, 41, 40, 39, 38, 37, 36, 35, 34, 33, 32, 31, 30, 29, 28, 27, 26, 25, 24, 23, 22, 21, 20, 19, 18, 17, 16, 15, 14, 13, 12, 11, 10, 9, 8, 7, 6, 5, 4, 3, 2, 1, 0], Nombre de pas: 10*1000=10000
Résultat du lancement de l'algo: 
Fitness obtenue: 5752288 après 1865 pas
Nombre de fitness calculé en tout: 10000
Placement pour chaque équipement obtenu: [40, 8, 19, 28, 12, 38, 30, 20, 6, 7, 35, 33, 46, 29, 14, 32, 36, 2, 25, 47, 26, 34, 23, 9, 49, 44, 18, 4, 43, 5, 48, 0, 22, 1, 37, 16, 42, 13, 45, 3, 11, 21, 17, 27, 24, 39, 41, 10, 31, 15]
----------------------------------------------------------------------------------
Temps d'exécution :0:00:07.433237
Les paramètres: 
La plaquette: [0, 2, 4, 6, 8, 10, 12, 14, 16, 18, 20, 22, 24, 26, 28, 30, 32, 34, 36, 38, 40, 42, 44, 46, 48, 1, 3, 5, 7, 9, 11, 13, 15, 17, 19, 21, 23, 25, 27, 29, 31, 33, 35, 37, 39, 41, 43, 45, 47, 49], Nombre de pas: 10*1000=10000
Résultat du lancement de l'algo: 
Fitness obtenue: 5802482 après 7470 pas
Nombre de fitness calculé en tout: 10000
Placement pour chaque équipement obtenu: [22, 39, 38, 16, 11, 3, 43, 33, 41, 2, 37, 0, 23, 29, 9, 7, 25, 18, 45, 10, 48, 46, 12, 21, 19, 5, 31, 14, 13, 20, 24, 36, 32, 34, 35, 40, 8, 15, 47, 28, 4, 17, 26, 42, 6, 30, 27, 49, 44, 1]
----------------------------------------------------------------------------------
Temps d'exécution :0:01:12.880723
Les paramètres: 
La plaquette: [0, 1, 2, 3, 4, 5, 6, 7, 8, 9, 10, 11, 12, 13, 14, 15, 16, 17, 18, 19, 20, 21, 22, 23, 24, 25, 26, 27, 28, 29, 30, 31, 32, 33, 34, 35, 36, 37, 38, 39, 40, 41, 42, 43, 44, 45, 46, 47, 48, 49], Nombre de pas: 100*1000=100000
Résultat du lancement de l'algo: 
Fitness obtenue: 5738110 après 82312 pas
Nombre de fitness calculé en tout: 100000
Placement pour chaque équipement obtenu: [38, 25, 30, 18, 43, 26, 48, 2, 9, 42, 28, 34, 37, 15, 39, 40, 1, 6, 12, 41, 29, 24, 22, 44, 20, 21, 14, 4, 35, 23, 17, 11, 33, 8, 27, 13, 31, 16, 7, 49, 0, 45, 5, 32, 47, 46, 19, 36, 10, 3]
----------------------------------------------------------------------------------
Temps d'exécution :0:01:11.393665
Les paramètres: 
La plaquette: [49, 48, 47, 46, 45, 44, 43, 42, 41, 40, 39, 38, 37, 36, 35, 34, 33, 32, 31, 30, 29, 28, 27, 26, 25, 24, 23, 22, 21, 20, 19, 18, 17, 16, 15, 14, 13, 12, 11, 10, 9, 8, 7, 6, 5, 4, 3, 2, 1, 0], Nombre de pas: 100*1000=100000
Résultat du lancement de l'algo: 
Fitness obtenue: 5757674 après 45779 pas
Nombre de fitness calculé en tout: 100000
Placement pour chaque équipement obtenu: [47, 18, 41, 31, 45, 34, 25, 29, 15, 48, 24, 13, 33, 21, 32, 44, 27, 4, 42, 3, 36, 40, 37, 5, 0, 14, 12, 7, 35, 23, 9, 2, 43, 38, 30, 17, 39, 16, 22, 20, 8, 46, 28, 6, 10, 1, 19, 26, 11, 49]
----------------------------------------------------------------------------------
Temps d'exécution :0:01:15.608560
Les paramètres: 
La plaquette: [0, 2, 4, 6, 8, 10, 12, 14, 16, 18, 20, 22, 24, 26, 28, 30, 32, 34, 36, 38, 40, 42, 44, 46, 48, 1, 3, 5, 7, 9, 11, 13, 15, 17, 19, 21, 23, 25, 27, 29, 31, 33, 35, 37, 39, 41, 43, 45, 47, 49], Nombre de pas: 100*1000=100000
Résultat du lancement de l'algo: 
Fitness obtenue: 5721672 après 98302 pas
Nombre de fitness calculé en tout: 100000
Placement pour chaque équipement obtenu: [41, 48, 8, 35, 31, 12, 28, 49, 45, 10, 6, 14, 25, 40, 24, 21, 23, 33, 22, 39, 13, 32, 34, 26, 46, 36, 18, 44, 11, 19, 7, 27, 29, 3, 37, 43, 4, 30, 9, 16, 5, 2, 15, 20, 1, 38, 47, 0, 42, 17]
----------------------------------------------------------------------------------
Temps d'exécution :0:11:36.631937
Les paramètres: 
La plaquette: [0, 1, 2, 3, 4, 5, 6, 7, 8, 9, 10, 11, 12, 13, 14, 15, 16, 17, 18, 19, 20, 21, 22, 23, 24, 25, 26, 27, 28, 29, 30, 31, 32, 33, 34, 35, 36, 37, 38, 39, 40, 41, 42, 43, 44, 45, 46, 47, 48, 49], Nombre de pas: 1000*1000=1000000
Résultat du lancement de l'algo: 
Fitness obtenue: 5703222 après 431749 pas
Nombre de fitness calculé en tout: 1000000
Placement pour chaque équipement obtenu: [24, 30, 39, 15, 25, 26, 46, 28, 8, 11, 45, 7, 29, 9, 36, 2, 5, 13, 12, 17, 20, 37, 35, 22, 4, 38, 6, 27, 40, 33, 43, 44, 42, 19, 3, 14, 1, 41, 34, 48, 47, 10, 31, 18, 16, 0, 21, 49, 32, 23]
----------------------------------------------------------------------------------
Temps d'exécution :0:11:31.028563
Les paramètres: 
La plaquette: [49, 48, 47, 46, 45, 44, 43, 42, 41, 40, 39, 38, 37, 36, 35, 34, 33, 32, 31, 30, 29, 28, 27, 26, 25, 24, 23, 22, 21, 20, 19, 18, 17, 16, 15, 14, 13, 12, 11, 10, 9, 8, 7, 6, 5, 4, 3, 2, 1, 0], Nombre de pas: 1000*1000=1000000
Résultat du lancement de l'algo: 
Fitness obtenue: 5706260 après 466051 pas
Nombre de fitness calculé en tout: 1000000
Placement pour chaque équipement obtenu: [36, 39, 29, 23, 3, 10, 33, 26, 18, 19, 0, 49, 40, 9, 30, 4, 42, 8, 41, 17, 2, 14, 22, 1, 21, 37, 45, 35, 28, 31, 25, 47, 27, 15, 48, 12, 32, 24, 5, 16, 7, 46, 44, 43, 38, 13, 6, 20, 11, 34]
----------------------------------------------------------------------------------
Temps d'exécution :0:11:30.387093
Les paramètres: 
La plaquette: [0, 2, 4, 6, 8, 10, 12, 14, 16, 18, 20, 22, 24, 26, 28, 30, 32, 34, 36, 38, 40, 42, 44, 46, 48, 1, 3, 5, 7, 9, 11, 13, 15, 17, 19, 21, 23, 25, 27, 29, 31, 33, 35, 37, 39, 41, 43, 45, 47, 49], Nombre de pas: 1000*1000=1000000
Résultat du lancement de l'algo: 
Fitness obtenue: 5727918 après 264293 pas
Nombre de fitness calculé en tout: 1000000
Placement pour chaque équipement obtenu: [0, 4, 37, 7, 19, 31, 27, 6, 25, 15, 29, 18, 49, 46, 11, 5, 32, 17, 9, 3, 21, 16, 41, 26, 39, 8, 42, 34, 45, 35, 2, 44, 23, 22, 36, 30, 10, 47, 14, 40, 28, 20, 12, 43, 33, 13, 24, 1, 48, 38]
----------------------------------------------------------------------------------
Temps d'exécution :0:00:00.081978
Les paramètres: 
La plaquette: [0, 1, 2, 3, 4, 5, 6, 7, 8, 9, 10, 11, 12, 13, 14, 15, 16, 17, 18, 19, 20, 21, 22, 23, 24, 25, 26, 27, 28, 29, 30, 31, 32, 33, 34, 35, 36, 37, 38, 39, 40, 41, 42, 43, 44, 45, 46, 47, 48, 49], Nombre de pas: 10*10=100
Résultat du lancement de l'algo: 
Fitness obtenue: 5897588 après 4 pas
Nombre de fitness calculé en tout: 100
Placement pour chaque équipement obtenu: [0, 1, 2, 3, 4, 5, 6, 7, 8, 48, 10, 11, 12, 13, 14, 15, 16, 17, 18, 19, 20, 21, 22, 23, 24, 25, 26, 27, 28, 33, 30, 31, 47, 29, 34, 35, 36, 37, 38, 39, 40, 41, 42, 43, 44, 45, 46, 32, 9, 49]
----------------------------------------------------------------------------------
Temps d'exécution :0:00:00.071256
Les paramètres: 
La plaquette: [49, 48, 47, 46, 45, 44, 43, 42, 41, 40, 39, 38, 37, 36, 35, 34, 33, 32, 31, 30, 29, 28, 27, 26, 25, 24, 23, 22, 21, 20, 19, 18, 17, 16, 15, 14, 13, 12, 11, 10, 9, 8, 7, 6, 5, 4, 3, 2, 1, 0], Nombre de pas: 10*10=100
Résultat du lancement de l'algo: 
Fitness obtenue: 5800444 après 64 pas
Nombre de fitness calculé en tout: 100
Placement pour chaque équipement obtenu: [48, 19, 18, 3, 43, 9, 13, 4, 0, 30, 25, 1, 36, 32, 33, 10, 7, 21, 8, 49, 38, 46, 22, 37, 24, 42, 44, 35, 17, 29, 16, 41, 15, 34, 47, 12, 6, 23, 11, 40, 14, 28, 2, 31, 26, 5, 20, 45, 27, 39]
----------------------------------------------------------------------------------
Temps d'exécution :0:00:00.072224
Les paramètres: 
La plaquette: [0, 2, 4, 6, 8, 10, 12, 14, 16, 18, 20, 22, 24, 26, 28, 30, 32, 34, 36, 38, 40, 42, 44, 46, 48, 1, 3, 5, 7, 9, 11, 13, 15, 17, 19, 21, 23, 25, 27, 29, 31, 33, 35, 37, 39, 41, 43, 45, 47, 49], Nombre de pas: 10*10=100
Résultat du lancement de l'algo: 
Fitness obtenue: 5843052 après 96 pas
Nombre de fitness calculé en tout: 100
Placement pour chaque équipement obtenu: [7, 17, 13, 40, 36, 6, 25, 23, 26, 21, 38, 48, 46, 16, 28, 34, 39, 24, 9, 31, 44, 33, 41, 45, 4, 5, 20, 3, 22, 29, 11, 35, 32, 10, 49, 8, 2, 15, 18, 1, 43, 42, 12, 47, 0, 27, 37, 19, 14, 30]
----------------------------------------------------------------------------------
Temps d'exécution :0:00:00.712476
Les paramètres: 
La plaquette: [0, 1, 2, 3, 4, 5, 6, 7, 8, 9, 10, 11, 12, 13, 14, 15, 16, 17, 18, 19, 20, 21, 22, 23, 24, 25, 26, 27, 28, 29, 30, 31, 32, 33, 34, 35, 36, 37, 38, 39, 40, 41, 42, 43, 44, 45, 46, 47, 48, 49], Nombre de pas: 100*10=1000
Résultat du lancement de l'algo: 
Fitness obtenue: 5788688 après 107 pas
Nombre de fitness calculé en tout: 1000
Placement pour chaque équipement obtenu: [44, 0, 2, 43, 38, 39, 21, 10, 13, 17, 22, 32, 11, 42, 47, 9, 36, 12, 18, 8, 14, 1, 34, 4, 49, 26, 19, 16, 29, 30, 28, 45, 33, 5, 3, 7, 6, 20, 37, 40, 46, 41, 25, 24, 23, 48, 35, 15, 31, 27]
----------------------------------------------------------------------------------
Temps d'exécution :0:00:00.695888
Les paramètres: 
La plaquette: [49, 48, 47, 46, 45, 44, 43, 42, 41, 40, 39, 38, 37, 36, 35, 34, 33, 32, 31, 30, 29, 28, 27, 26, 25, 24, 23, 22, 21, 20, 19, 18, 17, 16, 15, 14, 13, 12, 11, 10, 9, 8, 7, 6, 5, 4, 3, 2, 1, 0], Nombre de pas: 100*10=1000
Résultat du lancement de l'algo: 
Fitness obtenue: 5842258 après 600 pas
Nombre de fitness calculé en tout: 1000
Placement pour chaque équipement obtenu: [11, 6, 32, 21, 27, 49, 43, 2, 13, 19, 29, 4, 15, 44, 45, 1, 5, 10, 34, 7, 38, 18, 20, 26, 22, 36, 37, 16, 0, 8, 12, 23, 28, 25, 48, 42, 40, 35, 39, 30, 14, 9, 41, 31, 17, 47, 3, 24, 33, 46]
----------------------------------------------------------------------------------
Temps d'exécution :0:00:00.679260
Les paramètres: 
La plaquette: [0, 2, 4, 6, 8, 10, 12, 14, 16, 18, 20, 22, 24, 26, 28, 30, 32, 34, 36, 38, 40, 42, 44, 46, 48, 1, 3, 5, 7, 9, 11, 13, 15, 17, 19, 21, 23, 25, 27, 29, 31, 33, 35, 37, 39, 41, 43, 45, 47, 49], Nombre de pas: 100*10=1000
Résultat du lancement de l'algo: 
Fitness obtenue: 5750138 après 61 pas
Nombre de fitness calculé en tout: 1000
Placement pour chaque équipement obtenu: [12, 16, 38, 29, 10, 23, 6, 18, 40, 9, 4, 5, 45, 17, 14, 1, 39, 31, 46, 47, 28, 37, 25, 36, 43, 2, 24, 33, 13, 21, 49, 22, 32, 0, 34, 11, 35, 8, 27, 42, 20, 19, 15, 44, 48, 41, 26, 3, 7, 30]
----------------------------------------------------------------------------------
Temps d'exécution :0:00:06.779289
Les paramètres: 
La plaquette: [0, 1, 2, 3, 4, 5, 6, 7, 8, 9, 10, 11, 12, 13, 14, 15, 16, 17, 18, 19, 20, 21, 22, 23, 24, 25, 26, 27, 28, 29, 30, 31, 32, 33, 34, 35, 36, 37, 38, 39, 40, 41, 42, 43, 44, 45, 46, 47, 48, 49], Nombre de pas: 1000*10=10000
Résultat du lancement de l'algo: 
Fitness obtenue: 5807134 après 427 pas
Nombre de fitness calculé en tout: 10000
Placement pour chaque équipement obtenu: [21, 4, 31, 12, 46, 29, 0, 42, 34, 8, 49, 10, 26, 1, 13, 48, 19, 24, 14, 37, 7, 39, 11, 41, 35, 44, 5, 33, 3, 6, 22, 23, 47, 30, 20, 25, 27, 40, 9, 17, 18, 45, 16, 43, 36, 28, 2, 15, 32, 38]
----------------------------------------------------------------------------------
Temps d'exécution :0:00:06.885670
Les paramètres: 
La plaquette: [49, 48, 47, 46, 45, 44, 43, 42, 41, 40, 39, 38, 37, 36, 35, 34, 33, 32, 31, 30, 29, 28, 27, 26, 25, 24, 23, 22, 21, 20, 19, 18, 17, 16, 15, 14, 13, 12, 11, 10, 9, 8, 7, 6, 5, 4, 3, 2, 1, 0], Nombre de pas: 1000*10=10000
Résultat du lancement de l'algo: 
Fitness obtenue: 5793860 après 917 pas
Nombre de fitness calculé en tout: 10000
Placement pour chaque équipement obtenu: [22, 24, 3, 45, 13, 10, 47, 23, 9, 18, 5, 17, 26, 1, 15, 42, 48, 20, 33, 25, 38, 35, 11, 12, 49, 40, 41, 0, 14, 28, 2, 36, 16, 37, 7, 29, 44, 32, 30, 39, 21, 19, 34, 27, 6, 8, 4, 43, 46, 31]
----------------------------------------------------------------------------------
Temps d'exécution :0:00:06.954022
Les paramètres: 
La plaquette: [0, 2, 4, 6, 8, 10, 12, 14, 16, 18, 20, 22, 24, 26, 28, 30, 32, 34, 36, 38, 40, 42, 44, 46, 48, 1, 3, 5, 7, 9, 11, 13, 15, 17, 19, 21, 23, 25, 27, 29, 31, 33, 35, 37, 39, 41, 43, 45, 47, 49], Nombre de pas: 1000*10=10000
Résultat du lancement de l'algo: 
Fitness obtenue: 5836120 après 589 pas
Nombre de fitness calculé en tout: 10000
Placement pour chaque équipement obtenu: [17, 7, 6, 2, 23, 1, 45, 10, 22, 41, 15, 32, 4, 18, 21, 13, 26, 12, 33, 5, 24, 28, 47, 46, 44, 19, 14, 43, 35, 36, 29, 37, 49, 30, 31, 16, 3, 38, 0, 48, 20, 42, 11, 39, 34, 25, 9, 27, 8, 40]
----------------------------------------------------------------------------------
Temps d'exécution :0:00:00.692961
Les paramètres: 
La plaquette: [0, 1, 2, 3, 4, 5, 6, 7, 8, 9, 10, 11, 12, 13, 14, 15, 16, 17, 18, 19, 20, 21, 22, 23, 24, 25, 26, 27, 28, 29, 30, 31, 32, 33, 34, 35, 36, 37, 38, 39, 40, 41, 42, 43, 44, 45, 46, 47, 48, 49], Nombre de pas: 10*100=1000
Résultat du lancement de l'algo: 
Fitness obtenue: 5779750 après 666 pas
Nombre de fitness calculé en tout: 1000
Placement pour chaque équipement obtenu: [17, 23, 24, 0, 19, 14, 47, 45, 49, 13, 42, 33, 34, 28, 20, 29, 18, 38, 37, 4, 35, 1, 41, 6, 5, 15, 3, 27, 22, 25, 36, 10, 11, 21, 31, 44, 48, 39, 7, 40, 46, 8, 9, 2, 30, 32, 43, 26, 12, 16]
----------------------------------------------------------------------------------
Temps d'exécution :0:00:00.705653
Les paramètres: 
La plaquette: [49, 48, 47, 46, 45, 44, 43, 42, 41, 40, 39, 38, 37, 36, 35, 34, 33, 32, 31, 30, 29, 28, 27, 26, 25, 24, 23, 22, 21, 20, 19, 18, 17, 16, 15, 14, 13, 12, 11, 10, 9, 8, 7, 6, 5, 4, 3, 2, 1, 0], Nombre de pas: 10*100=1000
Résultat du lancement de l'algo: 
Fitness obtenue: 5825396 après 814 pas
Nombre de fitness calculé en tout: 1000
Placement pour chaque équipement obtenu: [49, 21, 16, 24, 25, 2, 12, 39, 1, 13, 48, 20, 22, 46, 15, 41, 27, 40, 11, 26, 43, 30, 0, 28, 47, 8, 45, 34, 3, 17, 9, 35, 31, 5, 42, 14, 7, 29, 23, 6, 44, 32, 38, 33, 10, 4, 37, 36, 19, 18]
----------------------------------------------------------------------------------
Temps d'exécution :0:00:00.691947
Les paramètres: 
La plaquette: [0, 2, 4, 6, 8, 10, 12, 14, 16, 18, 20, 22, 24, 26, 28, 30, 32, 34, 36, 38, 40, 42, 44, 46, 48, 1, 3, 5, 7, 9, 11, 13, 15, 17, 19, 21, 23, 25, 27, 29, 31, 33, 35, 37, 39, 41, 43, 45, 47, 49], Nombre de pas: 10*100=1000
Résultat du lancement de l'algo: 
Fitness obtenue: 5788330 après 182 pas
Nombre de fitness calculé en tout: 1000
Placement pour chaque équipement obtenu: [34, 12, 9, 26, 29, 35, 39, 16, 42, 40, 6, 10, 43, 17, 36, 18, 24, 0, 30, 46, 41, 22, 8, 33, 4, 14, 21, 27, 44, 7, 1, 45, 28, 20, 5, 3, 11, 23, 48, 47, 2, 13, 32, 25, 49, 31, 37, 38, 15, 19]
----------------------------------------------------------------------------------
Temps d'exécution :0:00:06.723656
Les paramètres: 
La plaquette: [0, 1, 2, 3, 4, 5, 6, 7, 8, 9, 10, 11, 12, 13, 14, 15, 16, 17, 18, 19, 20, 21, 22, 23, 24, 25, 26, 27, 28, 29, 30, 31, 32, 33, 34, 35, 36, 37, 38, 39, 40, 41, 42, 43, 44, 45, 46, 47, 48, 49], Nombre de pas: 100*100=10000
Résultat du lancement de l'algo: 
Fitness obtenue: 5794206 après 1856 pas
Nombre de fitness calculé en tout: 10000
Placement pour chaque équipement obtenu: [20, 49, 34, 13, 21, 41, 2, 18, 38, 30, 22, 32, 0, 43, 24, 35, 27, 11, 25, 12, 4, 47, 14, 33, 46, 7, 29, 5, 26, 8, 16, 19, 31, 1, 6, 28, 45, 17, 48, 10, 40, 39, 9, 44, 15, 23, 36, 42, 37, 3]
----------------------------------------------------------------------------------
Temps d'exécution :0:00:06.822231
Les paramètres: 
La plaquette: [49, 48, 47, 46, 45, 44, 43, 42, 41, 40, 39, 38, 37, 36, 35, 34, 33, 32, 31, 30, 29, 28, 27, 26, 25, 24, 23, 22, 21, 20, 19, 18, 17, 16, 15, 14, 13, 12, 11, 10, 9, 8, 7, 6, 5, 4, 3, 2, 1, 0], Nombre de pas: 100*100=10000
Résultat du lancement de l'algo: 
Fitness obtenue: 5749380 après 269 pas
Nombre de fitness calculé en tout: 10000
Placement pour chaque équipement obtenu: [34, 33, 1, 7, 12, 29, 38, 13, 31, 26, 44, 25, 5, 48, 37, 43, 32, 11, 41, 23, 18, 19, 20, 40, 22, 10, 9, 39, 42, 6, 4, 28, 24, 35, 17, 21, 14, 15, 46, 45, 27, 47, 36, 0, 16, 49, 3, 30, 2, 8]
----------------------------------------------------------------------------------
Temps d'exécution :0:00:06.909096
Les paramètres: 
La plaquette: [0, 2, 4, 6, 8, 10, 12, 14, 16, 18, 20, 22, 24, 26, 28, 30, 32, 34, 36, 38, 40, 42, 44, 46, 48, 1, 3, 5, 7, 9, 11, 13, 15, 17, 19, 21, 23, 25, 27, 29, 31, 33, 35, 37, 39, 41, 43, 45, 47, 49], Nombre de pas: 100*100=10000
Résultat du lancement de l'algo: 
Fitness obtenue: 5793464 après 3593 pas
Nombre de fitness calculé en tout: 10000
Placement pour chaque équipement obtenu: [44, 26, 5, 17, 45, 18, 14, 27, 6, 12, 32, 21, 37, 41, 42, 0, 22, 1, 23, 24, 43, 39, 34, 33, 31, 4, 25, 8, 29, 2, 20, 13, 49, 19, 11, 48, 15, 36, 30, 10, 28, 38, 47, 40, 9, 35, 46, 7, 3, 16]
----------------------------------------------------------------------------------
Temps d'exécution :0:01:09.496881
Les paramètres: 
La plaquette: [0, 1, 2, 3, 4, 5, 6, 7, 8, 9, 10, 11, 12, 13, 14, 15, 16, 17, 18, 19, 20, 21, 22, 23, 24, 25, 26, 27, 28, 29, 30, 31, 32, 33, 34, 35, 36, 37, 38, 39, 40, 41, 42, 43, 44, 45, 46, 47, 48, 49], Nombre de pas: 1000*100=100000
Résultat du lancement de l'algo: 
Fitness obtenue: 5767490 après 7215 pas
Nombre de fitness calculé en tout: 100000
Placement pour chaque équipement obtenu: [47, 6, 9, 7, 14, 43, 8, 34, 21, 26, 33, 41, 48, 15, 20, 45, 13, 25, 19, 42, 40, 30, 28, 1, 37, 35, 2, 44, 10, 18, 22, 36, 29, 24, 31, 3, 16, 27, 38, 46, 32, 49, 23, 11, 0, 4, 12, 39, 17, 5]
----------------------------------------------------------------------------------
Temps d'exécution :0:01:09.376590
Les paramètres: 
La plaquette: [49, 48, 47, 46, 45, 44, 43, 42, 41, 40, 39, 38, 37, 36, 35, 34, 33, 32, 31, 30, 29, 28, 27, 26, 25, 24, 23, 22, 21, 20, 19, 18, 17, 16, 15, 14, 13, 12, 11, 10, 9, 8, 7, 6, 5, 4, 3, 2, 1, 0], Nombre de pas: 1000*100=100000
Résultat du lancement de l'algo: 
Fitness obtenue: 5759204 après 614 pas
Nombre de fitness calculé en tout: 100000
Placement pour chaque équipement obtenu: [37, 22, 7, 25, 38, 46, 1, 6, 10, 39, 42, 40, 5, 44, 4, 30, 20, 34, 3, 24, 48, 45, 0, 19, 2, 35, 8, 36, 49, 33, 26, 17, 16, 9, 31, 21, 12, 32, 18, 23, 29, 28, 27, 43, 41, 14, 47, 13, 11, 15]
----------------------------------------------------------------------------------
Temps d'exécution :0:01:09.857692
Les paramètres: 
La plaquette: [0, 2, 4, 6, 8, 10, 12, 14, 16, 18, 20, 22, 24, 26, 28, 30, 32, 34, 36, 38, 40, 42, 44, 46, 48, 1, 3, 5, 7, 9, 11, 13, 15, 17, 19, 21, 23, 25, 27, 29, 31, 33, 35, 37, 39, 41, 43, 45, 47, 49], Nombre de pas: 1000*100=100000
Résultat du lancement de l'algo: 
Fitness obtenue: 5746928 après 2123 pas
Nombre de fitness calculé en tout: 100000
Placement pour chaque équipement obtenu: [19, 31, 17, 8, 48, 39, 45, 22, 35, 38, 3, 1, 9, 20, 15, 37, 0, 41, 49, 44, 13, 14, 18, 36, 47, 25, 30, 6, 27, 29, 4, 2, 28, 7, 23, 40, 32, 42, 21, 12, 46, 11, 5, 26, 34, 43, 16, 33, 24, 10]
----------------------------------------------------------------------------------
Temps d'exécution :0:00:06.938137
Les paramètres: 
La plaquette: [0, 1, 2, 3, 4, 5, 6, 7, 8, 9, 10, 11, 12, 13, 14, 15, 16, 17, 18, 19, 20, 21, 22, 23, 24, 25, 26, 27, 28, 29, 30, 31, 32, 33, 34, 35, 36, 37, 38, 39, 40, 41, 42, 43, 44, 45, 46, 47, 48, 49], Nombre de pas: 10*1000=10000
Résultat du lancement de l'algo: 
Fitness obtenue: 5755998 après 9072 pas
Nombre de fitness calculé en tout: 10000
Placement pour chaque équipement obtenu: [42, 39, 43, 34, 41, 33, 14, 0, 38, 35, 22, 11, 29, 1, 30, 28, 49, 46, 18, 44, 12, 17, 24, 7, 15, 10, 36, 4, 25, 3, 16, 5, 20, 9, 45, 26, 19, 8, 32, 31, 47, 37, 27, 6, 23, 21, 40, 2, 13, 48]
----------------------------------------------------------------------------------
Temps d'exécution :0:00:06.975430
Les paramètres: 
La plaquette: [49, 48, 47, 46, 45, 44, 43, 42, 41, 40, 39, 38, 37, 36, 35, 34, 33, 32, 31, 30, 29, 28, 27, 26, 25, 24, 23, 22, 21, 20, 19, 18, 17, 16, 15, 14, 13, 12, 11, 10, 9, 8, 7, 6, 5, 4, 3, 2, 1, 0], Nombre de pas: 10*1000=10000
Résultat du lancement de l'algo: 
Fitness obtenue: 5723960 après 3265 pas
Nombre de fitness calculé en tout: 10000
Placement pour chaque équipement obtenu: [48, 3, 41, 0, 19, 4, 31, 33, 16, 22, 42, 29, 37, 49, 6, 27, 12, 5, 15, 36, 21, 47, 10, 39, 26, 34, 20, 2, 18, 8, 43, 7, 24, 11, 14, 40, 38, 46, 44, 17, 25, 28, 45, 23, 9, 13, 1, 35, 32, 30]
----------------------------------------------------------------------------------
Temps d'exécution :0:00:06.964554
Les paramètres: 
La plaquette: [0, 2, 4, 6, 8, 10, 12, 14, 16, 18, 20, 22, 24, 26, 28, 30, 32, 34, 36, 38, 40, 42, 44, 46, 48, 1, 3, 5, 7, 9, 11, 13, 15, 17, 19, 21, 23, 25, 27, 29, 31, 33, 35, 37, 39, 41, 43, 45, 47, 49], Nombre de pas: 10*1000=10000
Résultat du lancement de l'algo: 
Fitness obtenue: 5732082 après 9854 pas
Nombre de fitness calculé en tout: 10000
Placement pour chaque équipement obtenu: [29, 8, 17, 5, 20, 48, 14, 7, 24, 4, 21, 47, 38, 46, 15, 44, 10, 1, 19, 32, 11, 41, 42, 28, 34, 22, 30, 13, 6, 12, 33, 26, 0, 37, 18, 49, 2, 45, 23, 31, 9, 40, 36, 3, 25, 35, 39, 43, 27, 16]
----------------------------------------------------------------------------------
Temps d'exécution :0:01:08.804983
Les paramètres: 
La plaquette: [0, 1, 2, 3, 4, 5, 6, 7, 8, 9, 10, 11, 12, 13, 14, 15, 16, 17, 18, 19, 20, 21, 22, 23, 24, 25, 26, 27, 28, 29, 30, 31, 32, 33, 34, 35, 36, 37, 38, 39, 40, 41, 42, 43, 44, 45, 46, 47, 48, 49], Nombre de pas: 100*1000=100000
Résultat du lancement de l'algo: 
Fitness obtenue: 5754068 après 23103 pas
Nombre de fitness calculé en tout: 100000
Placement pour chaque équipement obtenu: [36, 13, 41, 20, 9, 6, 14, 15, 32, 35, 5, 40, 38, 27, 25, 31, 49, 34, 43, 16, 44, 19, 4, 11, 2, 17, 22, 46, 1, 39, 18, 7, 37, 3, 21, 33, 12, 8, 24, 28, 23, 10, 48, 45, 42, 29, 0, 47, 26, 30]
----------------------------------------------------------------------------------
Temps d'exécution :0:01:09.276390
Les paramètres: 
La plaquette: [49, 48, 47, 46, 45, 44, 43, 42, 41, 40, 39, 38, 37, 36, 35, 34, 33, 32, 31, 30, 29, 28, 27, 26, 25, 24, 23, 22, 21, 20, 19, 18, 17, 16, 15, 14, 13, 12, 11, 10, 9, 8, 7, 6, 5, 4, 3, 2, 1, 0], Nombre de pas: 100*1000=100000
Résultat du lancement de l'algo: 
Fitness obtenue: 5731836 après 13869 pas
Nombre de fitness calculé en tout: 100000
Placement pour chaque équipement obtenu: [38, 11, 9, 28, 33, 14, 2, 3, 23, 42, 19, 6, 27, 21, 1, 0, 30, 17, 16, 46, 7, 32, 4, 18, 24, 45, 26, 12, 8, 13, 35, 43, 44, 41, 39, 5, 49, 25, 31, 20, 34, 29, 37, 15, 10, 47, 48, 36, 40, 22]
----------------------------------------------------------------------------------
Temps d'exécution :0:01:09.315430
Les paramètres: 
La plaquette: [0, 2, 4, 6, 8, 10, 12, 14, 16, 18, 20, 22, 24, 26, 28, 30, 32, 34, 36, 38, 40, 42, 44, 46, 48, 1, 3, 5, 7, 9, 11, 13, 15, 17, 19, 21, 23, 25, 27, 29, 31, 33, 35, 37, 39, 41, 43, 45, 47, 49], Nombre de pas: 100*1000=100000
Résultat du lancement de l'algo: 
Fitness obtenue: 5748774 après 18253 pas
Nombre de fitness calculé en tout: 100000
Placement pour chaque équipement obtenu: [42, 32, 12, 31, 14, 20, 48, 22, 4, 9, 2, 34, 27, 16, 18, 5, 10, 15, 29, 24, 8, 46, 47, 37, 38, 17, 11, 49, 3, 45, 25, 43, 40, 28, 39, 44, 33, 41, 1, 26, 35, 19, 23, 30, 36, 7, 0, 21, 13, 6]
----------------------------------------------------------------------------------
Temps d'exécution :0:11:31.123696
Les paramètres: 
La plaquette: [0, 1, 2, 3, 4, 5, 6, 7, 8, 9, 10, 11, 12, 13, 14, 15, 16, 17, 18, 19, 20, 21, 22, 23, 24, 25, 26, 27, 28, 29, 30, 31, 32, 33, 34, 35, 36, 37, 38, 39, 40, 41, 42, 43, 44, 45, 46, 47, 48, 49], Nombre de pas: 1000*1000=1000000
Résultat du lancement de l'algo: 
Fitness obtenue: 5732902 après 26085 pas
Nombre de fitness calculé en tout: 1000000
Placement pour chaque équipement obtenu: [27, 7, 22, 5, 1, 17, 24, 15, 34, 44, 3, 39, 28, 20, 8, 35, 30, 36, 31, 49, 32, 41, 38, 6, 13, 18, 21, 14, 23, 46, 0, 25, 9, 2, 12, 29, 16, 40, 26, 45, 48, 42, 33, 37, 11, 4, 47, 43, 10, 19]
----------------------------------------------------------------------------------
Temps d'exécution :0:11:28.309703
Les paramètres: 
La plaquette: [49, 48, 47, 46, 45, 44, 43, 42, 41, 40, 39, 38, 37, 36, 35, 34, 33, 32, 31, 30, 29, 28, 27, 26, 25, 24, 23, 22, 21, 20, 19, 18, 17, 16, 15, 14, 13, 12, 11, 10, 9, 8, 7, 6, 5, 4, 3, 2, 1, 0], Nombre de pas: 1000*1000=1000000
Résultat du lancement de l'algo: 
Fitness obtenue: 5730888 après 7213 pas
Nombre de fitness calculé en tout: 1000000
Placement pour chaque équipement obtenu: [11, 3, 12, 34, 6, 20, 42, 37, 8, 36, 39, 41, 25, 30, 18, 4, 17, 28, 47, 29, 22, 19, 2, 21, 16, 33, 5, 44, 40, 46, 45, 31, 15, 23, 49, 9, 43, 35, 38, 27, 48, 24, 26, 14, 32, 7, 0, 13, 10, 1]
----------------------------------------------------------------------------------
Temps d'exécution :0:11:31.808137
Les paramètres: 
La plaquette: [0, 2, 4, 6, 8, 10, 12, 14, 16, 18, 20, 22, 24, 26, 28, 30, 32, 34, 36, 38, 40, 42, 44, 46, 48, 1, 3, 5, 7, 9, 11, 13, 15, 17, 19, 21, 23, 25, 27, 29, 31, 33, 35, 37, 39, 41, 43, 45, 47, 49], Nombre de pas: 1000*1000=1000000
Résultat du lancement de l'algo: 
Fitness obtenue: 5722406 après 42592 pas
Nombre de fitness calculé en tout: 1000000
Placement pour chaque équipement obtenu: [38, 35, 42, 19, 40, 20, 33, 31, 47, 11, 17, 49, 34, 4, 0, 27, 39, 32, 45, 6, 36, 5, 22, 9, 41, 46, 28, 48, 7, 16, 2, 12, 14, 37, 13, 8, 26, 18, 21, 29, 44, 43, 10, 24, 30, 1, 15, 3, 23, 25]
----------------------------------------------------------------------------------
Temps d'exécution :0:00:00.075179
Les paramètres: 
La plaquette: [0, 1, 2, 3, 4, 5, 6, 7, 8, 9, 10, 11, 12, 13, 14, 15, 16, 17, 18, 19, 20, 21, 22, 23, 24, 25, 26, 27, 28, 29, 30, 31, 32, 33, 34, 35, 36, 37, 38, 39, 40, 41, 42, 43, 44, 45, 46, 47, 48, 49], Nombre de pas: 10*10=100
Résultat du lancement de l'algo: 
Fitness obtenue: 5931332 après 80 pas
Nombre de fitness calculé en tout: 100
Placement pour chaque équipement obtenu: [0, 8, 3, 21, 10, 4, 29, 2, 35, 14, 12, 22, 39, 31, 36, 23, 42, 48, 47, 7, 44, 33, 43, 46, 5, 25, 18, 30, 24, 26, 16, 9, 17, 41, 19, 1, 40, 34, 6, 13, 11, 20, 32, 27, 15, 38, 37, 28, 45, 49]
----------------------------------------------------------------------------------
Temps d'exécution :0:00:00.073208
Les paramètres: 
La plaquette: [49, 48, 47, 46, 45, 44, 43, 42, 41, 40, 39, 38, 37, 36, 35, 34, 33, 32, 31, 30, 29, 28, 27, 26, 25, 24, 23, 22, 21, 20, 19, 18, 17, 16, 15, 14, 13, 12, 11, 10, 9, 8, 7, 6, 5, 4, 3, 2, 1, 0], Nombre de pas: 10*10=100
Résultat du lancement de l'algo: 
Fitness obtenue: 5872732 après 50 pas
Nombre de fitness calculé en tout: 100
Placement pour chaque équipement obtenu: [28, 12, 2, 14, 9, 23, 6, 42, 8, 22, 3, 11, 33, 24, 5, 21, 20, 45, 27, 19, 16, 30, 48, 35, 47, 17, 15, 38, 32, 29, 46, 10, 37, 18, 34, 13, 39, 26, 0, 7, 1, 41, 31, 43, 4, 25, 40, 36, 44, 49]
----------------------------------------------------------------------------------
Temps d'exécution :0:00:00.072221
Les paramètres: 
La plaquette: [0, 2, 4, 6, 8, 10, 12, 14, 16, 18, 20, 22, 24, 26, 28, 30, 32, 34, 36, 38, 40, 42, 44, 46, 48, 1, 3, 5, 7, 9, 11, 13, 15, 17, 19, 21, 23, 25, 27, 29, 31, 33, 35, 37, 39, 41, 43, 45, 47, 49], Nombre de pas: 10*10=100
Résultat du lancement de l'algo: 
Fitness obtenue: 5856926 après 64 pas
Nombre de fitness calculé en tout: 100
Placement pour chaque équipement obtenu: [0, 4, 11, 41, 2, 40, 31, 42, 8, 5, 10, 38, 34, 49, 48, 35, 29, 46, 22, 19, 6, 21, 37, 7, 14, 15, 26, 23, 44, 1, 30, 47, 27, 17, 18, 12, 33, 39, 9, 3, 20, 28, 43, 32, 36, 24, 25, 45, 16, 13]
----------------------------------------------------------------------------------
Temps d'exécution :0:00:00.711509
Les paramètres: 
La plaquette: [0, 1, 2, 3, 4, 5, 6, 7, 8, 9, 10, 11, 12, 13, 14, 15, 16, 17, 18, 19, 20, 21, 22, 23, 24, 25, 26, 27, 28, 29, 30, 31, 32, 33, 34, 35, 36, 37, 38, 39, 40, 41, 42, 43, 44, 45, 46, 47, 48, 49], Nombre de pas: 100*10=1000
Résultat du lancement de l'algo: 
Fitness obtenue: 5791174 après 967 pas
Nombre de fitness calculé en tout: 1000
Placement pour chaque équipement obtenu: [9, 21, 6, 33, 23, 19, 49, 47, 31, 8, 14, 24, 27, 38, 10, 25, 20, 15, 43, 36, 34, 11, 32, 3, 42, 30, 12, 7, 44, 5, 16, 22, 4, 18, 40, 37, 29, 1, 13, 0, 28, 48, 2, 41, 26, 39, 35, 46, 17, 45]
----------------------------------------------------------------------------------
Temps d'exécution :0:00:00.701706
Les paramètres: 
La plaquette: [49, 48, 47, 46, 45, 44, 43, 42, 41, 40, 39, 38, 37, 36, 35, 34, 33, 32, 31, 30, 29, 28, 27, 26, 25, 24, 23, 22, 21, 20, 19, 18, 17, 16, 15, 14, 13, 12, 11, 10, 9, 8, 7, 6, 5, 4, 3, 2, 1, 0], Nombre de pas: 100*10=1000
Résultat du lancement de l'algo: 
Fitness obtenue: 5772136 après 916 pas
Nombre de fitness calculé en tout: 1000
Placement pour chaque équipement obtenu: [4, 49, 16, 44, 35, 46, 41, 18, 29, 19, 5, 34, 13, 15, 31, 0, 22, 48, 38, 26, 39, 6, 45, 37, 3, 21, 2, 20, 14, 24, 42, 1, 17, 23, 8, 10, 7, 9, 47, 28, 30, 43, 11, 33, 27, 36, 12, 25, 40, 32]
----------------------------------------------------------------------------------
Temps d'exécution :0:00:00.693935
Les paramètres: 
La plaquette: [0, 2, 4, 6, 8, 10, 12, 14, 16, 18, 20, 22, 24, 26, 28, 30, 32, 34, 36, 38, 40, 42, 44, 46, 48, 1, 3, 5, 7, 9, 11, 13, 15, 17, 19, 21, 23, 25, 27, 29, 31, 33, 35, 37, 39, 41, 43, 45, 47, 49], Nombre de pas: 100*10=1000
Résultat du lancement de l'algo: 
Fitness obtenue: 5723758 après 34 pas
Nombre de fitness calculé en tout: 1000
Placement pour chaque équipement obtenu: [23, 16, 3, 2, 4, 7, 39, 15, 8, 42, 0, 24, 45, 5, 17, 13, 40, 14, 48, 33, 38, 21, 18, 1, 6, 25, 10, 19, 46, 26, 30, 22, 44, 31, 34, 12, 36, 37, 20, 9, 11, 41, 35, 43, 32, 47, 28, 27, 29, 49]
----------------------------------------------------------------------------------
Temps d'exécution :0:00:07.026249
Les paramètres: 
La plaquette: [0, 1, 2, 3, 4, 5, 6, 7, 8, 9, 10, 11, 12, 13, 14, 15, 16, 17, 18, 19, 20, 21, 22, 23, 24, 25, 26, 27, 28, 29, 30, 31, 32, 33, 34, 35, 36, 37, 38, 39, 40, 41, 42, 43, 44, 45, 46, 47, 48, 49], Nombre de pas: 1000*10=10000
Résultat du lancement de l'algo: 
Fitness obtenue: 5767978 après 1862 pas
Nombre de fitness calculé en tout: 10000
Placement pour chaque équipement obtenu: [14, 24, 28, 38, 49, 33, 13, 20, 8, 45, 39, 44, 34, 29, 21, 6, 7, 5, 10, 15, 35, 11, 1, 27, 9, 18, 42, 31, 17, 2, 26, 40, 12, 36, 41, 19, 16, 43, 47, 22, 3, 37, 30, 46, 32, 4, 23, 0, 48, 25]
----------------------------------------------------------------------------------
Temps d'exécution :0:00:06.851512
Les paramètres: 
La plaquette: [49, 48, 47, 46, 45, 44, 43, 42, 41, 40, 39, 38, 37, 36, 35, 34, 33, 32, 31, 30, 29, 28, 27, 26, 25, 24, 23, 22, 21, 20, 19, 18, 17, 16, 15, 14, 13, 12, 11, 10, 9, 8, 7, 6, 5, 4, 3, 2, 1, 0], Nombre de pas: 1000*10=10000
Résultat du lancement de l'algo: 
Fitness obtenue: 5802386 après 2339 pas
Nombre de fitness calculé en tout: 10000
Placement pour chaque équipement obtenu: [16, 40, 24, 10, 47, 36, 5, 48, 23, 0, 28, 49, 31, 35, 29, 25, 30, 38, 11, 41, 37, 45, 39, 21, 8, 44, 33, 46, 6, 1, 2, 34, 15, 19, 12, 13, 26, 4, 43, 32, 18, 17, 22, 42, 27, 14, 20, 9, 7, 3]
----------------------------------------------------------------------------------
Temps d'exécution :0:00:06.776361
Les paramètres: 
La plaquette: [0, 2, 4, 6, 8, 10, 12, 14, 16, 18, 20, 22, 24, 26, 28, 30, 32, 34, 36, 38, 40, 42, 44, 46, 48, 1, 3, 5, 7, 9, 11, 13, 15, 17, 19, 21, 23, 25, 27, 29, 31, 33, 35, 37, 39, 41, 43, 45, 47, 49], Nombre de pas: 1000*10=10000
Résultat du lancement de l'algo: 
Fitness obtenue: 5791396 après 5295 pas
Nombre de fitness calculé en tout: 10000
Placement pour chaque équipement obtenu: [40, 21, 9, 17, 7, 46, 34, 24, 49, 5, 20, 37, 30, 28, 36, 35, 18, 42, 32, 33, 8, 2, 10, 6, 43, 48, 16, 23, 47, 13, 4, 29, 45, 44, 31, 39, 14, 15, 25, 12, 26, 38, 27, 19, 0, 41, 1, 22, 11, 3]
----------------------------------------------------------------------------------
Temps d'exécution :0:00:00.690033
Les paramètres: 
La plaquette: [0, 1, 2, 3, 4, 5, 6, 7, 8, 9, 10, 11, 12, 13, 14, 15, 16, 17, 18, 19, 20, 21, 22, 23, 24, 25, 26, 27, 28, 29, 30, 31, 32, 33, 34, 35, 36, 37, 38, 39, 40, 41, 42, 43, 44, 45, 46, 47, 48, 49], Nombre de pas: 10*100=1000
Résultat du lancement de l'algo: 
Fitness obtenue: 5736732 après 756 pas
Nombre de fitness calculé en tout: 1000
Placement pour chaque équipement obtenu: [6, 41, 4, 32, 10, 30, 36, 24, 47, 26, 33, 35, 13, 25, 14, 5, 45, 39, 29, 21, 0, 28, 19, 18, 43, 17, 11, 23, 27, 16, 2, 49, 37, 48, 31, 1, 9, 38, 34, 8, 42, 3, 20, 15, 46, 44, 22, 7, 40, 12]
----------------------------------------------------------------------------------
Temps d'exécution :0:00:00.685148
Les paramètres: 
La plaquette: [49, 48, 47, 46, 45, 44, 43, 42, 41, 40, 39, 38, 37, 36, 35, 34, 33, 32, 31, 30, 29, 28, 27, 26, 25, 24, 23, 22, 21, 20, 19, 18, 17, 16, 15, 14, 13, 12, 11, 10, 9, 8, 7, 6, 5, 4, 3, 2, 1, 0], Nombre de pas: 10*100=1000
Résultat du lancement de l'algo: 
Fitness obtenue: 5808032 après 247 pas
Nombre de fitness calculé en tout: 1000
Placement pour chaque équipement obtenu: [14, 7, 38, 19, 18, 21, 40, 15, 32, 9, 16, 8, 25, 44, 10, 11, 12, 33, 28, 24, 49, 48, 43, 0, 41, 22, 37, 35, 2, 36, 13, 20, 5, 30, 1, 47, 29, 46, 27, 42, 17, 23, 45, 39, 4, 6, 26, 34, 3, 31]
----------------------------------------------------------------------------------
Temps d'exécution :0:00:00.686129
Les paramètres: 
La plaquette: [0, 2, 4, 6, 8, 10, 12, 14, 16, 18, 20, 22, 24, 26, 28, 30, 32, 34, 36, 38, 40, 42, 44, 46, 48, 1, 3, 5, 7, 9, 11, 13, 15, 17, 19, 21, 23, 25, 27, 29, 31, 33, 35, 37, 39, 41, 43, 45, 47, 49], Nombre de pas: 10*100=1000
Résultat du lancement de l'algo: 
Fitness obtenue: 5697876 après 785 pas
Nombre de fitness calculé en tout: 1000
Placement pour chaque équipement obtenu: [27, 39, 29, 9, 18, 20, 2, 11, 37, 46, 30, 41, 28, 40, 17, 15, 13, 23, 14, 6, 43, 48, 42, 16, 36, 49, 34, 31, 47, 38, 35, 12, 45, 1, 3, 24, 26, 33, 8, 19, 32, 25, 44, 22, 4, 5, 0, 7, 10, 21]
----------------------------------------------------------------------------------
Temps d'exécution :0:00:06.938376
Les paramètres: 
La plaquette: [0, 1, 2, 3, 4, 5, 6, 7, 8, 9, 10, 11, 12, 13, 14, 15, 16, 17, 18, 19, 20, 21, 22, 23, 24, 25, 26, 27, 28, 29, 30, 31, 32, 33, 34, 35, 36, 37, 38, 39, 40, 41, 42, 43, 44, 45, 46, 47, 48, 49], Nombre de pas: 100*100=10000
Résultat du lancement de l'algo: 
Fitness obtenue: 5782530 après 5148 pas
Nombre de fitness calculé en tout: 10000
Placement pour chaque équipement obtenu: [26, 4, 12, 16, 32, 7, 13, 6, 41, 17, 34, 35, 49, 44, 1, 19, 11, 38, 37, 15, 22, 39, 25, 21, 28, 40, 2, 47, 27, 36, 18, 20, 10, 8, 31, 48, 3, 45, 0, 29, 42, 46, 9, 43, 14, 23, 24, 30, 5, 33]
----------------------------------------------------------------------------------
Temps d'exécution :0:00:06.928615
Les paramètres: 
La plaquette: [49, 48, 47, 46, 45, 44, 43, 42, 41, 40, 39, 38, 37, 36, 35, 34, 33, 32, 31, 30, 29, 28, 27, 26, 25, 24, 23, 22, 21, 20, 19, 18, 17, 16, 15, 14, 13, 12, 11, 10, 9, 8, 7, 6, 5, 4, 3, 2, 1, 0], Nombre de pas: 100*100=10000
Résultat du lancement de l'algo: 
Fitness obtenue: 5771016 après 4212 pas
Nombre de fitness calculé en tout: 10000
Placement pour chaque équipement obtenu: [15, 45, 27, 42, 43, 26, 38, 0, 14, 2, 35, 36, 34, 40, 3, 9, 28, 46, 22, 4, 13, 48, 5, 39, 21, 25, 6, 44, 24, 18, 7, 8, 33, 16, 23, 49, 1, 17, 31, 37, 20, 12, 19, 29, 11, 41, 32, 47, 30, 10]
----------------------------------------------------------------------------------
Temps d'exécution :0:00:06.898358
Les paramètres: 
La plaquette: [0, 2, 4, 6, 8, 10, 12, 14, 16, 18, 20, 22, 24, 26, 28, 30, 32, 34, 36, 38, 40, 42, 44, 46, 48, 1, 3, 5, 7, 9, 11, 13, 15, 17, 19, 21, 23, 25, 27, 29, 31, 33, 35, 37, 39, 41, 43, 45, 47, 49], Nombre de pas: 100*100=10000
Résultat du lancement de l'algo: 
Fitness obtenue: 5792544 après 2331 pas
Nombre de fitness calculé en tout: 10000
Placement pour chaque équipement obtenu: [1, 30, 43, 48, 6, 9, 24, 11, 10, 0, 41, 40, 21, 44, 17, 33, 15, 23, 8, 45, 7, 29, 14, 28, 36, 37, 49, 16, 13, 18, 42, 5, 22, 12, 19, 26, 31, 46, 39, 20, 27, 38, 25, 3, 32, 47, 34, 2, 35, 4]
----------------------------------------------------------------------------------
Temps d'exécution :0:01:08.723976
Les paramètres: 
La plaquette: [0, 1, 2, 3, 4, 5, 6, 7, 8, 9, 10, 11, 12, 13, 14, 15, 16, 17, 18, 19, 20, 21, 22, 23, 24, 25, 26, 27, 28, 29, 30, 31, 32, 33, 34, 35, 36, 37, 38, 39, 40, 41, 42, 43, 44, 45, 46, 47, 48, 49], Nombre de pas: 1000*100=100000
Résultat du lancement de l'algo: 
Fitness obtenue: 5713326 après 9446 pas
Nombre de fitness calculé en tout: 100000
Placement pour chaque équipement obtenu: [33, 20, 45, 4, 11, 3, 34, 19, 9, 1, 30, 25, 36, 28, 40, 16, 0, 17, 7, 38, 46, 47, 32, 27, 23, 39, 2, 48, 22, 35, 12, 5, 18, 43, 42, 41, 29, 24, 6, 13, 31, 37, 21, 44, 10, 26, 14, 15, 49, 8]
----------------------------------------------------------------------------------
Temps d'exécution :0:01:09.050969
Les paramètres: 
La plaquette: [49, 48, 47, 46, 45, 44, 43, 42, 41, 40, 39, 38, 37, 36, 35, 34, 33, 32, 31, 30, 29, 28, 27, 26, 25, 24, 23, 22, 21, 20, 19, 18, 17, 16, 15, 14, 13, 12, 11, 10, 9, 8, 7, 6, 5, 4, 3, 2, 1, 0], Nombre de pas: 1000*100=100000
Résultat du lancement de l'algo: 
Fitness obtenue: 5748070 après 56374 pas
Nombre de fitness calculé en tout: 100000
Placement pour chaque équipement obtenu: [1, 20, 23, 18, 15, 47, 6, 39, 44, 4, 30, 32, 29, 8, 3, 37, 17, 25, 43, 34, 12, 11, 21, 48, 26, 16, 35, 28, 42, 19, 2, 49, 13, 7, 38, 27, 46, 0, 22, 36, 10, 5, 31, 41, 40, 45, 9, 33, 14, 24]
----------------------------------------------------------------------------------
Temps d'exécution :0:01:09.567239
Les paramètres: 
La plaquette: [0, 2, 4, 6, 8, 10, 12, 14, 16, 18, 20, 22, 24, 26, 28, 30, 32, 34, 36, 38, 40, 42, 44, 46, 48, 1, 3, 5, 7, 9, 11, 13, 15, 17, 19, 21, 23, 25, 27, 29, 31, 33, 35, 37, 39, 41, 43, 45, 47, 49], Nombre de pas: 1000*100=100000
Résultat du lancement de l'algo: 
Fitness obtenue: 5751660 après 19319 pas
Nombre de fitness calculé en tout: 100000
Placement pour chaque équipement obtenu: [10, 18, 2, 7, 14, 3, 41, 17, 29, 19, 42, 49, 32, 45, 25, 44, 36, 22, 38, 26, 46, 43, 39, 30, 34, 16, 24, 21, 40, 9, 27, 15, 37, 6, 8, 0, 28, 12, 5, 31, 1, 23, 20, 35, 4, 13, 33, 48, 11, 47]
----------------------------------------------------------------------------------
Temps d'exécution :0:00:06.756872
Les paramètres: 
La plaquette: [0, 1, 2, 3, 4, 5, 6, 7, 8, 9, 10, 11, 12, 13, 14, 15, 16, 17, 18, 19, 20, 21, 22, 23, 24, 25, 26, 27, 28, 29, 30, 31, 32, 33, 34, 35, 36, 37, 38, 39, 40, 41, 42, 43, 44, 45, 46, 47, 48, 49], Nombre de pas: 10*1000=10000
Résultat du lancement de l'algo: 
Fitness obtenue: 5768606 après 104 pas
Nombre de fitness calculé en tout: 10000
Placement pour chaque équipement obtenu: [41, 0, 33, 46, 4, 20, 9, 39, 38, 17, 18, 21, 34, 49, 6, 35, 22, 11, 45, 31, 1, 3, 12, 16, 44, 25, 37, 7, 15, 29, 8, 42, 30, 28, 5, 19, 10, 27, 36, 14, 40, 47, 26, 48, 43, 24, 2, 32, 13, 23]
----------------------------------------------------------------------------------
Temps d'exécution :0:00:06.821256
Les paramètres: 
La plaquette: [49, 48, 47, 46, 45, 44, 43, 42, 41, 40, 39, 38, 37, 36, 35, 34, 33, 32, 31, 30, 29, 28, 27, 26, 25, 24, 23, 22, 21, 20, 19, 18, 17, 16, 15, 14, 13, 12, 11, 10, 9, 8, 7, 6, 5, 4, 3, 2, 1, 0], Nombre de pas: 10*1000=10000
Résultat du lancement de l'algo: 
Fitness obtenue: 5757736 après 9146 pas
Nombre de fitness calculé en tout: 10000
Placement pour chaque équipement obtenu: [18, 42, 25, 36, 22, 38, 11, 24, 46, 44, 34, 3, 0, 26, 29, 35, 19, 28, 21, 6, 1, 32, 40, 47, 12, 30, 31, 8, 41, 10, 7, 23, 13, 39, 5, 2, 20, 49, 45, 43, 48, 17, 9, 15, 14, 16, 33, 4, 37, 27]
----------------------------------------------------------------------------------
Temps d'exécution :0:00:06.864199
Les paramètres: 
La plaquette: [0, 2, 4, 6, 8, 10, 12, 14, 16, 18, 20, 22, 24, 26, 28, 30, 32, 34, 36, 38, 40, 42, 44, 46, 48, 1, 3, 5, 7, 9, 11, 13, 15, 17, 19, 21, 23, 25, 27, 29, 31, 33, 35, 37, 39, 41, 43, 45, 47, 49], Nombre de pas: 10*1000=10000
Résultat du lancement de l'algo: 
Fitness obtenue: 5777994 après 6264 pas
Nombre de fitness calculé en tout: 10000
Placement pour chaque équipement obtenu: [25, 49, 43, 40, 28, 9, 48, 39, 41, 7, 42, 6, 31, 22, 3, 4, 37, 13, 19, 47, 12, 16, 36, 27, 0, 10, 33, 8, 45, 5, 14, 15, 17, 35, 46, 21, 1, 24, 23, 20, 32, 29, 44, 38, 34, 11, 18, 30, 2, 26]
----------------------------------------------------------------------------------
Temps d'exécution :0:01:09.265623
Les paramètres: 
La plaquette: [0, 1, 2, 3, 4, 5, 6, 7, 8, 9, 10, 11, 12, 13, 14, 15, 16, 17, 18, 19, 20, 21, 22, 23, 24, 25, 26, 27, 28, 29, 30, 31, 32, 33, 34, 35, 36, 37, 38, 39, 40, 41, 42, 43, 44, 45, 46, 47, 48, 49], Nombre de pas: 100*1000=100000
Résultat du lancement de l'algo: 
Fitness obtenue: 5700678 après 81147 pas
Nombre de fitness calculé en tout: 100000
Placement pour chaque équipement obtenu: [20, 13, 45, 8, 24, 38, 30, 33, 5, 28, 35, 1, 43, 11, 37, 23, 7, 42, 34, 41, 48, 6, 39, 47, 17, 26, 21, 36, 22, 46, 4, 25, 40, 0, 3, 12, 44, 14, 31, 9, 29, 16, 32, 27, 49, 19, 2, 18, 15, 10]
----------------------------------------------------------------------------------
Temps d'exécution :0:01:09.052922
Les paramètres: 
La plaquette: [49, 48, 47, 46, 45, 44, 43, 42, 41, 40, 39, 38, 37, 36, 35, 34, 33, 32, 31, 30, 29, 28, 27, 26, 25, 24, 23, 22, 21, 20, 19, 18, 17, 16, 15, 14, 13, 12, 11, 10, 9, 8, 7, 6, 5, 4, 3, 2, 1, 0], Nombre de pas: 100*1000=100000
Résultat du lancement de l'algo: 
Fitness obtenue: 5716152 après 45972 pas
Nombre de fitness calculé en tout: 100000
Placement pour chaque équipement obtenu: [0, 35, 49, 16, 47, 40, 11, 38, 18, 22, 41, 42, 5, 26, 36, 17, 37, 43, 1, 21, 24, 10, 27, 7, 39, 30, 12, 48, 13, 6, 33, 15, 14, 44, 4, 8, 23, 46, 3, 34, 28, 19, 29, 9, 32, 25, 31, 45, 2, 20]
----------------------------------------------------------------------------------
Temps d'exécution :0:01:09.267604
Les paramètres: 
La plaquette: [0, 2, 4, 6, 8, 10, 12, 14, 16, 18, 20, 22, 24, 26, 28, 30, 32, 34, 36, 38, 40, 42, 44, 46, 48, 1, 3, 5, 7, 9, 11, 13, 15, 17, 19, 21, 23, 25, 27, 29, 31, 33, 35, 37, 39, 41, 43, 45, 47, 49], Nombre de pas: 100*1000=100000
Résultat du lancement de l'algo: 
Fitness obtenue: 5702202 après 19484 pas
Nombre de fitness calculé en tout: 100000
Placement pour chaque équipement obtenu: [11, 29, 15, 3, 40, 46, 0, 41, 18, 13, 16, 2, 20, 33, 45, 6, 42, 26, 22, 7, 24, 48, 5, 1, 19, 34, 8, 37, 35, 30, 23, 38, 44, 21, 17, 25, 36, 47, 32, 28, 49, 10, 9, 43, 31, 12, 27, 39, 14, 4]
----------------------------------------------------------------------------------
Temps d'exécution :0:11:32.294112
Les paramètres: 
La plaquette: [0, 1, 2, 3, 4, 5, 6, 7, 8, 9, 10, 11, 12, 13, 14, 15, 16, 17, 18, 19, 20, 21, 22, 23, 24, 25, 26, 27, 28, 29, 30, 31, 32, 33, 34, 35, 36, 37, 38, 39, 40, 41, 42, 43, 44, 45, 46, 47, 48, 49], Nombre de pas: 1000*1000=1000000
Résultat du lancement de l'algo: 
Fitness obtenue: 5705328 après 215544 pas
Nombre de fitness calculé en tout: 1000000
Placement pour chaque équipement obtenu: [26, 4, 24, 15, 31, 40, 48, 1, 20, 11, 13, 37, 14, 2, 44, 10, 6, 12, 8, 45, 23, 18, 34, 9, 16, 42, 39, 29, 49, 0, 17, 33, 47, 36, 32, 27, 35, 19, 3, 7, 41, 5, 30, 46, 25, 22, 43, 28, 38, 21]
----------------------------------------------------------------------------------
Temps d'exécution :0:11:30.794384
Les paramètres: 
La plaquette: [49, 48, 47, 46, 45, 44, 43, 42, 41, 40, 39, 38, 37, 36, 35, 34, 33, 32, 31, 30, 29, 28, 27, 26, 25, 24, 23, 22, 21, 20, 19, 18, 17, 16, 15, 14, 13, 12, 11, 10, 9, 8, 7, 6, 5, 4, 3, 2, 1, 0], Nombre de pas: 1000*1000=1000000
Résultat du lancement de l'algo: 
Fitness obtenue: 5701660 après 41239 pas
Nombre de fitness calculé en tout: 1000000
Placement pour chaque équipement obtenu: [0, 26, 28, 46, 12, 45, 49, 40, 11, 6, 29, 3, 39, 4, 9, 27, 48, 36, 14, 17, 2, 31, 35, 41, 16, 1, 33, 25, 7, 32, 38, 19, 24, 43, 21, 18, 44, 8, 10, 34, 13, 37, 30, 20, 22, 47, 15, 5, 42, 23]
----------------------------------------------------------------------------------
Temps d'exécution :0:11:29.989440
Les paramètres: 
La plaquette: [0, 2, 4, 6, 8, 10, 12, 14, 16, 18, 20, 22, 24, 26, 28, 30, 32, 34, 36, 38, 40, 42, 44, 46, 48, 1, 3, 5, 7, 9, 11, 13, 15, 17, 19, 21, 23, 25, 27, 29, 31, 33, 35, 37, 39, 41, 43, 45, 47, 49], Nombre de pas: 1000*1000=1000000
Résultat du lancement de l'algo: 
Fitness obtenue: 5699784 après 169581 pas
Nombre de fitness calculé en tout: 1000000
Placement pour chaque équipement obtenu: [30, 26, 41, 21, 10, 19, 17, 38, 11, 18, 22, 16, 39, 15, 34, 9, 2, 13, 37, 20, 23, 43, 25, 46, 47, 35, 3, 40, 6, 29, 33, 31, 5, 1, 8, 12, 0, 27, 24, 7, 45, 4, 49, 32, 48, 28, 36, 42, 44, 14]
----------------------------------------------------------------------------------
Temps d'exécution :0:11:30.736150
Les paramètres: 
Itération: 10, Nombre de pas: 100*1000=100000
Résultat du lancement de l'algo: 
Fitness obtenue: 5716250 après 1961 pas
Nombre de fitness calculé en tout: 1000000
Placement pour chaque équipement obtenu: [18, 4, 6, 30, 29, 26, 39, 17, 15, 10, 45, 16, 25, 49, 42, 41, 32, 44, 46, 3, 31, 48, 35, 5, 2, 20, 1, 34, 28, 38, 12, 14, 27, 40, 8, 24, 22, 21, 47, 19, 33, 0, 7, 37, 23, 13, 36, 9, 43, 11]
----------------------------------------------------------------------------------
