Temps d'exécution :0:00:00.049861
Les paramètres: 
La plaquette: [0, 1, 2, 3, 4, 5, 6, 7, 8, 9, 10, 11, 12, 13, 14, 15, 16, 17, 18, 19, 20, 21, 22, 23, 24, 25, 26, 27, 28, 29, 30, 31, 32, 33, 34, 35, 36, 37, 38, 39], Nombre de pas: 10*10=100
Résultat du lancement de l'algo: 
Fitness obtenue: 3752326 après 64 pas
Nombre de fitness calculé en tout: 100
Placement pour chaque équipement obtenu: [36, 16, 19, 12, 14, 1, 17, 26, 34, 21, 11, 37, 32, 33, 39, 13, 22, 10, 15, 28, 31, 4, 18, 7, 30, 25, 3, 27, 24, 0, 6, 29, 5, 35, 8, 20, 23, 2, 38, 9]
----------------------------------------------------------------------------------
Temps d'exécution :0:00:00.047872
Les paramètres: 
La plaquette: [39, 38, 37, 36, 35, 34, 33, 32, 31, 30, 29, 28, 27, 26, 25, 24, 23, 22, 21, 20, 19, 18, 17, 16, 15, 14, 13, 12, 11, 10, 9, 8, 7, 6, 5, 4, 3, 2, 1, 0], Nombre de pas: 10*10=100
Résultat du lancement de l'algo: 
Fitness obtenue: 3802866 après 91 pas
Nombre de fitness calculé en tout: 100
Placement pour chaque équipement obtenu: [39, 29, 31, 28, 2, 25, 26, 11, 35, 0, 13, 27, 32, 23, 30, 34, 37, 38, 24, 16, 14, 1, 22, 5, 19, 6, 3, 33, 17, 12, 20, 21, 7, 4, 36, 9, 8, 15, 18, 10]
----------------------------------------------------------------------------------
Temps d'exécution :0:00:00.047904
Les paramètres: 
La plaquette: [0, 2, 4, 6, 8, 10, 12, 14, 16, 18, 20, 22, 24, 26, 28, 30, 32, 34, 36, 38, 1, 3, 5, 7, 9, 11, 13, 15, 17, 19, 21, 23, 25, 27, 29, 31, 33, 35, 37, 39], Nombre de pas: 10*10=100
Résultat du lancement de l'algo: 
Fitness obtenue: 3763498 après 37 pas
Nombre de fitness calculé en tout: 100
Placement pour chaque équipement obtenu: [0, 4, 26, 3, 13, 5, 24, 20, 10, 21, 23, 11, 1, 8, 12, 22, 16, 15, 18, 32, 39, 37, 27, 9, 19, 25, 7, 35, 34, 29, 30, 31, 17, 28, 14, 6, 36, 33, 2, 38]
----------------------------------------------------------------------------------
Temps d'exécution :0:00:00.433844
Les paramètres: 
La plaquette: [0, 1, 2, 3, 4, 5, 6, 7, 8, 9, 10, 11, 12, 13, 14, 15, 16, 17, 18, 19, 20, 21, 22, 23, 24, 25, 26, 27, 28, 29, 30, 31, 32, 33, 34, 35, 36, 37, 38, 39], Nombre de pas: 100*10=1000
Résultat du lancement de l'algo: 
Fitness obtenue: 3747920 après 504 pas
Nombre de fitness calculé en tout: 1000
Placement pour chaque équipement obtenu: [1, 12, 10, 25, 3, 8, 15, 6, 17, 23, 32, 21, 9, 30, 18, 38, 35, 7, 28, 24, 22, 27, 14, 4, 20, 29, 11, 31, 39, 36, 16, 37, 33, 19, 26, 5, 2, 34, 13, 0]
----------------------------------------------------------------------------------
Temps d'exécution :0:00:00.434794
Les paramètres: 
La plaquette: [39, 38, 37, 36, 35, 34, 33, 32, 31, 30, 29, 28, 27, 26, 25, 24, 23, 22, 21, 20, 19, 18, 17, 16, 15, 14, 13, 12, 11, 10, 9, 8, 7, 6, 5, 4, 3, 2, 1, 0], Nombre de pas: 100*10=1000
Résultat du lancement de l'algo: 
Fitness obtenue: 3740528 après 56 pas
Nombre de fitness calculé en tout: 1000
Placement pour chaque équipement obtenu: [39, 16, 20, 10, 24, 13, 23, 8, 19, 3, 9, 0, 26, 12, 38, 15, 17, 14, 11, 32, 6, 18, 37, 34, 22, 5, 7, 29, 4, 1, 30, 21, 31, 33, 27, 25, 28, 35, 36, 2]
----------------------------------------------------------------------------------
Temps d'exécution :0:00:00.504683
Les paramètres: 
La plaquette: [0, 2, 4, 6, 8, 10, 12, 14, 16, 18, 20, 22, 24, 26, 28, 30, 32, 34, 36, 38, 1, 3, 5, 7, 9, 11, 13, 15, 17, 19, 21, 23, 25, 27, 29, 31, 33, 35, 37, 39], Nombre de pas: 100*10=1000
Résultat du lancement de l'algo: 
Fitness obtenue: 3743246 après 559 pas
Nombre de fitness calculé en tout: 1000
Placement pour chaque équipement obtenu: [29, 23, 31, 25, 36, 35, 20, 11, 34, 14, 13, 24, 7, 12, 37, 18, 3, 5, 1, 4, 38, 33, 8, 39, 19, 2, 15, 32, 6, 10, 22, 16, 30, 0, 27, 21, 9, 17, 26, 28]
----------------------------------------------------------------------------------
Temps d'exécution :0:00:04.551793
Les paramètres: 
La plaquette: [0, 1, 2, 3, 4, 5, 6, 7, 8, 9, 10, 11, 12, 13, 14, 15, 16, 17, 18, 19, 20, 21, 22, 23, 24, 25, 26, 27, 28, 29, 30, 31, 32, 33, 34, 35, 36, 37, 38, 39], Nombre de pas: 1000*10=10000
Résultat du lancement de l'algo: 
Fitness obtenue: 3739874 après 363 pas
Nombre de fitness calculé en tout: 10000
Placement pour chaque équipement obtenu: [28, 17, 33, 12, 34, 16, 31, 2, 18, 0, 39, 22, 25, 38, 35, 37, 7, 11, 15, 1, 5, 6, 3, 9, 20, 4, 10, 29, 24, 36, 21, 8, 13, 14, 23, 27, 26, 30, 32, 19]
----------------------------------------------------------------------------------
Temps d'exécution :0:00:04.521904
Les paramètres: 
La plaquette: [39, 38, 37, 36, 35, 34, 33, 32, 31, 30, 29, 28, 27, 26, 25, 24, 23, 22, 21, 20, 19, 18, 17, 16, 15, 14, 13, 12, 11, 10, 9, 8, 7, 6, 5, 4, 3, 2, 1, 0], Nombre de pas: 1000*10=10000
Résultat du lancement de l'algo: 
Fitness obtenue: 3743182 après 354 pas
Nombre de fitness calculé en tout: 10000
Placement pour chaque équipement obtenu: [31, 23, 14, 8, 19, 29, 12, 37, 32, 7, 36, 25, 20, 4, 16, 10, 21, 24, 35, 11, 30, 28, 39, 6, 5, 3, 0, 26, 9, 38, 27, 34, 18, 17, 22, 2, 33, 15, 13, 1]
----------------------------------------------------------------------------------
Temps d'exécution :0:00:04.543844
Les paramètres: 
La plaquette: [0, 2, 4, 6, 8, 10, 12, 14, 16, 18, 20, 22, 24, 26, 28, 30, 32, 34, 36, 38, 1, 3, 5, 7, 9, 11, 13, 15, 17, 19, 21, 23, 25, 27, 29, 31, 33, 35, 37, 39], Nombre de pas: 1000*10=10000
Résultat du lancement de l'algo: 
Fitness obtenue: 3685096 après 568 pas
Nombre de fitness calculé en tout: 10000
Placement pour chaque équipement obtenu: [21, 32, 31, 36, 7, 35, 3, 15, 18, 8, 5, 25, 38, 2, 19, 11, 30, 34, 9, 24, 39, 16, 17, 6, 4, 23, 33, 27, 28, 26, 1, 0, 29, 14, 12, 10, 13, 20, 37, 22]
----------------------------------------------------------------------------------
Temps d'exécution :0:00:00.453786
Les paramètres: 
La plaquette: [0, 1, 2, 3, 4, 5, 6, 7, 8, 9, 10, 11, 12, 13, 14, 15, 16, 17, 18, 19, 20, 21, 22, 23, 24, 25, 26, 27, 28, 29, 30, 31, 32, 33, 34, 35, 36, 37, 38, 39], Nombre de pas: 10*100=1000
Résultat du lancement de l'algo: 
Fitness obtenue: 3698232 après 416 pas
Nombre de fitness calculé en tout: 1000
Placement pour chaque équipement obtenu: [38, 5, 31, 18, 17, 26, 23, 11, 8, 36, 1, 25, 27, 2, 9, 34, 4, 0, 32, 21, 28, 35, 14, 24, 10, 16, 15, 6, 37, 12, 13, 22, 30, 3, 20, 29, 39, 7, 33, 19]
----------------------------------------------------------------------------------
Temps d'exécution :0:00:00.453787
Les paramètres: 
La plaquette: [39, 38, 37, 36, 35, 34, 33, 32, 31, 30, 29, 28, 27, 26, 25, 24, 23, 22, 21, 20, 19, 18, 17, 16, 15, 14, 13, 12, 11, 10, 9, 8, 7, 6, 5, 4, 3, 2, 1, 0], Nombre de pas: 10*100=1000
Résultat du lancement de l'algo: 
Fitness obtenue: 3665650 après 39 pas
Nombre de fitness calculé en tout: 1000
Placement pour chaque équipement obtenu: [0, 13, 16, 19, 9, 23, 6, 17, 8, 31, 27, 29, 12, 35, 14, 15, 24, 28, 18, 34, 7, 2, 22, 30, 11, 20, 26, 21, 10, 39, 3, 1, 32, 5, 25, 36, 4, 33, 38, 37]
----------------------------------------------------------------------------------
Temps d'exécution :0:00:00.454783
Les paramètres: 
La plaquette: [0, 2, 4, 6, 8, 10, 12, 14, 16, 18, 20, 22, 24, 26, 28, 30, 32, 34, 36, 38, 1, 3, 5, 7, 9, 11, 13, 15, 17, 19, 21, 23, 25, 27, 29, 31, 33, 35, 37, 39], Nombre de pas: 10*100=1000
Résultat du lancement de l'algo: 
Fitness obtenue: 3721970 après 704 pas
Nombre de fitness calculé en tout: 1000
Placement pour chaque équipement obtenu: [2, 20, 19, 28, 5, 17, 6, 26, 13, 8, 9, 32, 12, 0, 10, 21, 7, 3, 29, 14, 31, 27, 18, 36, 22, 4, 37, 39, 34, 15, 30, 25, 1, 23, 35, 38, 33, 11, 16, 24]
----------------------------------------------------------------------------------
Temps d'exécution :0:00:04.524927
Les paramètres: 
La plaquette: [0, 1, 2, 3, 4, 5, 6, 7, 8, 9, 10, 11, 12, 13, 14, 15, 16, 17, 18, 19, 20, 21, 22, 23, 24, 25, 26, 27, 28, 29, 30, 31, 32, 33, 34, 35, 36, 37, 38, 39], Nombre de pas: 100*100=10000
Résultat du lancement de l'algo: 
Fitness obtenue: 3695748 après 1322 pas
Nombre de fitness calculé en tout: 10000
Placement pour chaque équipement obtenu: [32, 4, 23, 2, 3, 29, 33, 1, 34, 6, 27, 8, 36, 20, 15, 11, 22, 37, 35, 9, 30, 14, 26, 21, 5, 24, 39, 12, 18, 31, 38, 13, 7, 10, 28, 17, 19, 25, 16, 0]
----------------------------------------------------------------------------------
Temps d'exécution :0:00:04.533904
Les paramètres: 
La plaquette: [39, 38, 37, 36, 35, 34, 33, 32, 31, 30, 29, 28, 27, 26, 25, 24, 23, 22, 21, 20, 19, 18, 17, 16, 15, 14, 13, 12, 11, 10, 9, 8, 7, 6, 5, 4, 3, 2, 1, 0], Nombre de pas: 100*100=10000
Résultat du lancement de l'algo: 
Fitness obtenue: 3694486 après 1952 pas
Nombre de fitness calculé en tout: 10000
Placement pour chaque équipement obtenu: [31, 23, 18, 10, 9, 1, 15, 4, 20, 35, 5, 17, 6, 37, 28, 30, 12, 26, 21, 11, 2, 39, 36, 24, 38, 27, 16, 19, 7, 22, 34, 25, 0, 13, 32, 33, 3, 14, 29, 8]
----------------------------------------------------------------------------------
Temps d'exécution :0:00:04.511929
Les paramètres: 
La plaquette: [0, 2, 4, 6, 8, 10, 12, 14, 16, 18, 20, 22, 24, 26, 28, 30, 32, 34, 36, 38, 1, 3, 5, 7, 9, 11, 13, 15, 17, 19, 21, 23, 25, 27, 29, 31, 33, 35, 37, 39], Nombre de pas: 100*100=10000
Résultat du lancement de l'algo: 
Fitness obtenue: 3711114 après 2505 pas
Nombre de fitness calculé en tout: 10000
Placement pour chaque équipement obtenu: [27, 6, 20, 37, 22, 29, 15, 23, 28, 25, 34, 35, 19, 38, 30, 1, 17, 21, 16, 13, 14, 24, 8, 39, 2, 18, 12, 0, 11, 32, 5, 26, 36, 9, 4, 7, 31, 33, 10, 3]
----------------------------------------------------------------------------------
Temps d'exécution :0:00:45.374619
Les paramètres: 
La plaquette: [0, 1, 2, 3, 4, 5, 6, 7, 8, 9, 10, 11, 12, 13, 14, 15, 16, 17, 18, 19, 20, 21, 22, 23, 24, 25, 26, 27, 28, 29, 30, 31, 32, 33, 34, 35, 36, 37, 38, 39], Nombre de pas: 1000*100=100000
Résultat du lancement de l'algo: 
Fitness obtenue: 3689032 après 1197 pas
Nombre de fitness calculé en tout: 100000
Placement pour chaque équipement obtenu: [13, 16, 2, 20, 15, 8, 7, 35, 26, 39, 6, 24, 0, 5, 27, 25, 19, 34, 21, 22, 3, 11, 30, 10, 9, 36, 38, 12, 32, 33, 4, 28, 31, 1, 23, 29, 17, 18, 37, 14]
----------------------------------------------------------------------------------
Temps d'exécution :0:00:45.428476
Les paramètres: 
La plaquette: [39, 38, 37, 36, 35, 34, 33, 32, 31, 30, 29, 28, 27, 26, 25, 24, 23, 22, 21, 20, 19, 18, 17, 16, 15, 14, 13, 12, 11, 10, 9, 8, 7, 6, 5, 4, 3, 2, 1, 0], Nombre de pas: 1000*100=100000
Résultat du lancement de l'algo: 
Fitness obtenue: 3711358 après 2682 pas
Nombre de fitness calculé en tout: 100000
Placement pour chaque équipement obtenu: [0, 27, 33, 31, 20, 26, 10, 28, 36, 3, 19, 38, 29, 4, 15, 18, 22, 23, 37, 21, 5, 8, 17, 35, 12, 34, 25, 30, 11, 7, 2, 9, 14, 1, 16, 32, 6, 13, 24, 39]
----------------------------------------------------------------------------------
Temps d'exécution :0:00:45.282868
Les paramètres: 
La plaquette: [0, 2, 4, 6, 8, 10, 12, 14, 16, 18, 20, 22, 24, 26, 28, 30, 32, 34, 36, 38, 1, 3, 5, 7, 9, 11, 13, 15, 17, 19, 21, 23, 25, 27, 29, 31, 33, 35, 37, 39], Nombre de pas: 1000*100=100000
Résultat du lancement de l'algo: 
Fitness obtenue: 3713064 après 1461 pas
Nombre de fitness calculé en tout: 100000
Placement pour chaque équipement obtenu: [5, 31, 24, 12, 36, 14, 27, 25, 19, 23, 30, 26, 22, 0, 21, 11, 39, 32, 15, 33, 18, 2, 35, 17, 13, 6, 4, 10, 1, 34, 9, 29, 7, 20, 38, 3, 37, 8, 16, 28]
----------------------------------------------------------------------------------
Temps d'exécution :0:00:04.516913
Les paramètres: 
La plaquette: [0, 1, 2, 3, 4, 5, 6, 7, 8, 9, 10, 11, 12, 13, 14, 15, 16, 17, 18, 19, 20, 21, 22, 23, 24, 25, 26, 27, 28, 29, 30, 31, 32, 33, 34, 35, 36, 37, 38, 39], Nombre de pas: 10*1000=10000
Résultat du lancement de l'algo: 
Fitness obtenue: 3672758 après 5219 pas
Nombre de fitness calculé en tout: 10000
Placement pour chaque équipement obtenu: [12, 22, 3, 32, 18, 24, 23, 26, 30, 6, 29, 2, 13, 36, 14, 15, 25, 31, 38, 19, 35, 4, 21, 28, 10, 5, 17, 9, 39, 7, 20, 33, 37, 11, 34, 8, 16, 0, 1, 27]
----------------------------------------------------------------------------------
Temps d'exécution :0:00:04.531871
Les paramètres: 
La plaquette: [39, 38, 37, 36, 35, 34, 33, 32, 31, 30, 29, 28, 27, 26, 25, 24, 23, 22, 21, 20, 19, 18, 17, 16, 15, 14, 13, 12, 11, 10, 9, 8, 7, 6, 5, 4, 3, 2, 1, 0], Nombre de pas: 10*1000=10000
Résultat du lancement de l'algo: 
Fitness obtenue: 3646918 après 8773 pas
Nombre de fitness calculé en tout: 10000
Placement pour chaque équipement obtenu: [16, 2, 14, 33, 31, 27, 10, 17, 6, 30, 23, 38, 21, 3, 37, 7, 11, 19, 25, 32, 13, 39, 5, 15, 0, 1, 4, 12, 8, 34, 29, 18, 20, 24, 36, 22, 35, 9, 28, 26]
----------------------------------------------------------------------------------
Temps d'exécution :0:00:04.530848
Les paramètres: 
La plaquette: [0, 2, 4, 6, 8, 10, 12, 14, 16, 18, 20, 22, 24, 26, 28, 30, 32, 34, 36, 38, 1, 3, 5, 7, 9, 11, 13, 15, 17, 19, 21, 23, 25, 27, 29, 31, 33, 35, 37, 39], Nombre de pas: 10*1000=10000
Résultat du lancement de l'algo: 
Fitness obtenue: 3689280 après 6236 pas
Nombre de fitness calculé en tout: 10000
Placement pour chaque équipement obtenu: [29, 28, 8, 21, 2, 16, 26, 38, 34, 19, 22, 14, 20, 33, 12, 30, 9, 4, 10, 35, 24, 3, 36, 13, 18, 1, 17, 31, 37, 15, 32, 25, 6, 27, 0, 7, 39, 5, 11, 23]
----------------------------------------------------------------------------------
Temps d'exécution :0:00:45.381600
Les paramètres: 
La plaquette: [0, 1, 2, 3, 4, 5, 6, 7, 8, 9, 10, 11, 12, 13, 14, 15, 16, 17, 18, 19, 20, 21, 22, 23, 24, 25, 26, 27, 28, 29, 30, 31, 32, 33, 34, 35, 36, 37, 38, 39], Nombre de pas: 100*1000=100000
Résultat du lancement de l'algo: 
Fitness obtenue: 3652104 après 43869 pas
Nombre de fitness calculé en tout: 100000
Placement pour chaque équipement obtenu: [18, 24, 32, 33, 12, 6, 31, 1, 38, 16, 29, 37, 34, 13, 35, 26, 11, 15, 25, 14, 39, 28, 10, 2, 27, 7, 20, 5, 8, 0, 22, 4, 21, 30, 9, 19, 36, 17, 3, 23]
----------------------------------------------------------------------------------
Temps d'exécution :0:00:45.085392
Les paramètres: 
La plaquette: [39, 38, 37, 36, 35, 34, 33, 32, 31, 30, 29, 28, 27, 26, 25, 24, 23, 22, 21, 20, 19, 18, 17, 16, 15, 14, 13, 12, 11, 10, 9, 8, 7, 6, 5, 4, 3, 2, 1, 0], Nombre de pas: 100*1000=100000
Résultat du lancement de l'algo: 
Fitness obtenue: 3668648 après 48896 pas
Nombre de fitness calculé en tout: 100000
Placement pour chaque équipement obtenu: [33, 16, 21, 31, 22, 5, 4, 7, 3, 27, 28, 38, 24, 32, 18, 12, 14, 6, 35, 17, 29, 30, 37, 26, 20, 25, 13, 23, 34, 9, 0, 2, 19, 39, 10, 11, 15, 36, 1, 8]
----------------------------------------------------------------------------------
Temps d'exécution :0:00:45.346694
Les paramètres: 
La plaquette: [0, 2, 4, 6, 8, 10, 12, 14, 16, 18, 20, 22, 24, 26, 28, 30, 32, 34, 36, 38, 1, 3, 5, 7, 9, 11, 13, 15, 17, 19, 21, 23, 25, 27, 29, 31, 33, 35, 37, 39], Nombre de pas: 100*1000=100000
Résultat du lancement de l'algo: 
Fitness obtenue: 3654796 après 7525 pas
Nombre de fitness calculé en tout: 100000
Placement pour chaque équipement obtenu: [27, 13, 29, 33, 5, 0, 34, 30, 18, 8, 20, 19, 15, 37, 23, 39, 25, 36, 26, 21, 35, 1, 12, 11, 22, 16, 28, 2, 32, 31, 17, 14, 7, 38, 6, 4, 3, 24, 9, 10]
----------------------------------------------------------------------------------
Temps d'exécution :0:07:34.802364
Les paramètres: 
La plaquette: [0, 1, 2, 3, 4, 5, 6, 7, 8, 9, 10, 11, 12, 13, 14, 15, 16, 17, 18, 19, 20, 21, 22, 23, 24, 25, 26, 27, 28, 29, 30, 31, 32, 33, 34, 35, 36, 37, 38, 39], Nombre de pas: 1000*1000=1000000
Résultat du lancement de l'algo: 
Fitness obtenue: 3641188 après 38724 pas
Nombre de fitness calculé en tout: 1000000
Placement pour chaque équipement obtenu: [38, 18, 31, 4, 29, 13, 16, 23, 19, 32, 35, 27, 8, 6, 34, 7, 20, 17, 36, 33, 2, 28, 25, 37, 10, 30, 11, 14, 24, 1, 26, 0, 3, 21, 15, 12, 22, 5, 9, 39]
----------------------------------------------------------------------------------
Temps d'exécution :0:07:35.980245
Les paramètres: 
La plaquette: [39, 38, 37, 36, 35, 34, 33, 32, 31, 30, 29, 28, 27, 26, 25, 24, 23, 22, 21, 20, 19, 18, 17, 16, 15, 14, 13, 12, 11, 10, 9, 8, 7, 6, 5, 4, 3, 2, 1, 0], Nombre de pas: 1000*1000=1000000
Résultat du lancement de l'algo: 
Fitness obtenue: 3644494 après 7071 pas
Nombre de fitness calculé en tout: 1000000
Placement pour chaque équipement obtenu: [34, 30, 25, 21, 12, 4, 6, 20, 10, 26, 0, 1, 15, 14, 11, 38, 5, 27, 17, 13, 18, 39, 37, 28, 35, 31, 29, 33, 19, 3, 8, 36, 32, 22, 9, 7, 16, 2, 23, 24]
----------------------------------------------------------------------------------
Temps d'exécution :0:07:33.031102
Les paramètres: 
La plaquette: [0, 2, 4, 6, 8, 10, 12, 14, 16, 18, 20, 22, 24, 26, 28, 30, 32, 34, 36, 38, 1, 3, 5, 7, 9, 11, 13, 15, 17, 19, 21, 23, 25, 27, 29, 31, 33, 35, 37, 39], Nombre de pas: 1000*1000=1000000
Résultat du lancement de l'algo: 
Fitness obtenue: 3652160 après 26893 pas
Nombre de fitness calculé en tout: 1000000
Placement pour chaque équipement obtenu: [35, 17, 10, 16, 2, 23, 29, 14, 31, 38, 21, 22, 12, 15, 13, 6, 1, 27, 28, 0, 4, 34, 24, 7, 11, 3, 30, 25, 19, 18, 26, 33, 32, 36, 37, 8, 20, 39, 9, 5]
----------------------------------------------------------------------------------
Temps d'exécution :0:00:00.047840
Les paramètres: 
La plaquette: [0, 1, 2, 3, 4, 5, 6, 7, 8, 9, 10, 11, 12, 13, 14, 15, 16, 17, 18, 19, 20, 21, 22, 23, 24, 25, 26, 27, 28, 29, 30, 31, 32, 33, 34, 35, 36, 37, 38, 39], Nombre de pas: 10*10=100
Résultat du lancement de l'algo: 
Fitness obtenue: 3710542 après 27 pas
Nombre de fitness calculé en tout: 100
Placement pour chaque équipement obtenu: [38, 21, 7, 11, 1, 16, 25, 2, 8, 9, 19, 3, 4, 34, 14, 15, 10, 17, 6, 18, 20, 32, 22, 31, 36, 37, 26, 5, 35, 33, 30, 0, 28, 29, 13, 12, 39, 23, 27, 24]
----------------------------------------------------------------------------------
Temps d'exécution :0:00:00.045914
Les paramètres: 
La plaquette: [39, 38, 37, 36, 35, 34, 33, 32, 31, 30, 29, 28, 27, 26, 25, 24, 23, 22, 21, 20, 19, 18, 17, 16, 15, 14, 13, 12, 11, 10, 9, 8, 7, 6, 5, 4, 3, 2, 1, 0], Nombre de pas: 10*10=100
Résultat du lancement de l'algo: 
Fitness obtenue: 3763202 après 35 pas
Nombre de fitness calculé en tout: 100
Placement pour chaque équipement obtenu: [17, 15, 2, 8, 30, 9, 13, 4, 18, 12, 26, 38, 33, 25, 34, 24, 20, 37, 19, 31, 3, 29, 21, 23, 10, 28, 36, 27, 39, 22, 6, 7, 32, 11, 14, 35, 5, 0, 16, 1]
----------------------------------------------------------------------------------
Temps d'exécution :0:00:00.045873
Les paramètres: 
La plaquette: [0, 2, 4, 6, 8, 10, 12, 14, 16, 18, 20, 22, 24, 26, 28, 30, 32, 34, 36, 38, 1, 3, 5, 7, 9, 11, 13, 15, 17, 19, 21, 23, 25, 27, 29, 31, 33, 35, 37, 39], Nombre de pas: 10*10=100
Résultat du lancement de l'algo: 
Fitness obtenue: 3729034 après 43 pas
Nombre de fitness calculé en tout: 100
Placement pour chaque équipement obtenu: [3, 18, 38, 21, 17, 5, 6, 7, 8, 24, 39, 34, 11, 20, 23, 16, 13, 1, 14, 36, 30, 26, 22, 37, 19, 15, 25, 4, 31, 0, 29, 28, 12, 33, 10, 35, 9, 2, 32, 27]
----------------------------------------------------------------------------------
Temps d'exécution :0:00:00.444810
Les paramètres: 
La plaquette: [0, 1, 2, 3, 4, 5, 6, 7, 8, 9, 10, 11, 12, 13, 14, 15, 16, 17, 18, 19, 20, 21, 22, 23, 24, 25, 26, 27, 28, 29, 30, 31, 32, 33, 34, 35, 36, 37, 38, 39], Nombre de pas: 100*10=1000
Résultat du lancement de l'algo: 
Fitness obtenue: 3705058 après 831 pas
Nombre de fitness calculé en tout: 1000
Placement pour chaque équipement obtenu: [19, 0, 23, 29, 4, 21, 3, 33, 39, 11, 6, 1, 22, 27, 16, 14, 7, 35, 18, 32, 8, 38, 37, 9, 10, 12, 34, 17, 28, 20, 13, 30, 24, 31, 15, 36, 25, 2, 26, 5]
----------------------------------------------------------------------------------
Temps d'exécution :0:00:00.458798
Les paramètres: 
La plaquette: [39, 38, 37, 36, 35, 34, 33, 32, 31, 30, 29, 28, 27, 26, 25, 24, 23, 22, 21, 20, 19, 18, 17, 16, 15, 14, 13, 12, 11, 10, 9, 8, 7, 6, 5, 4, 3, 2, 1, 0], Nombre de pas: 100*10=1000
Résultat du lancement de l'algo: 
Fitness obtenue: 3697726 après 170 pas
Nombre de fitness calculé en tout: 1000
Placement pour chaque équipement obtenu: [36, 25, 8, 1, 6, 28, 22, 9, 23, 31, 3, 17, 20, 19, 37, 35, 38, 24, 21, 12, 33, 4, 10, 2, 30, 27, 32, 39, 14, 13, 29, 5, 0, 18, 11, 26, 34, 7, 16, 15]
----------------------------------------------------------------------------------
Temps d'exécution :0:00:00.481712
Les paramètres: 
La plaquette: [0, 2, 4, 6, 8, 10, 12, 14, 16, 18, 20, 22, 24, 26, 28, 30, 32, 34, 36, 38, 1, 3, 5, 7, 9, 11, 13, 15, 17, 19, 21, 23, 25, 27, 29, 31, 33, 35, 37, 39], Nombre de pas: 100*10=1000
Résultat du lancement de l'algo: 
Fitness obtenue: 3673766 après 254 pas
Nombre de fitness calculé en tout: 1000
Placement pour chaque équipement obtenu: [18, 37, 1, 3, 4, 21, 39, 26, 15, 29, 23, 20, 2, 30, 0, 31, 38, 25, 36, 11, 10, 28, 13, 33, 7, 12, 19, 5, 32, 8, 6, 17, 14, 16, 9, 24, 22, 34, 27, 35]
----------------------------------------------------------------------------------
Temps d'exécution :0:00:04.490987
Les paramètres: 
La plaquette: [0, 1, 2, 3, 4, 5, 6, 7, 8, 9, 10, 11, 12, 13, 14, 15, 16, 17, 18, 19, 20, 21, 22, 23, 24, 25, 26, 27, 28, 29, 30, 31, 32, 33, 34, 35, 36, 37, 38, 39], Nombre de pas: 1000*10=10000
Résultat du lancement de l'algo: 
Fitness obtenue: 3695466 après 3820 pas
Nombre de fitness calculé en tout: 10000
Placement pour chaque équipement obtenu: [4, 1, 28, 30, 22, 7, 24, 17, 10, 0, 27, 38, 16, 5, 21, 6, 11, 23, 13, 12, 2, 37, 18, 15, 39, 14, 29, 34, 19, 26, 3, 31, 25, 9, 32, 8, 36, 35, 33, 20]
----------------------------------------------------------------------------------
Temps d'exécution :0:00:04.498959
Les paramètres: 
La plaquette: [39, 38, 37, 36, 35, 34, 33, 32, 31, 30, 29, 28, 27, 26, 25, 24, 23, 22, 21, 20, 19, 18, 17, 16, 15, 14, 13, 12, 11, 10, 9, 8, 7, 6, 5, 4, 3, 2, 1, 0], Nombre de pas: 1000*10=10000
Résultat du lancement de l'algo: 
Fitness obtenue: 3690498 après 6512 pas
Nombre de fitness calculé en tout: 10000
Placement pour chaque équipement obtenu: [30, 34, 21, 36, 4, 37, 33, 17, 1, 24, 5, 10, 28, 3, 23, 39, 38, 27, 18, 15, 14, 35, 13, 20, 32, 19, 29, 12, 9, 7, 31, 16, 11, 2, 0, 6, 25, 26, 8, 22]
----------------------------------------------------------------------------------
Temps d'exécution :0:00:04.547834
Les paramètres: 
La plaquette: [0, 2, 4, 6, 8, 10, 12, 14, 16, 18, 20, 22, 24, 26, 28, 30, 32, 34, 36, 38, 1, 3, 5, 7, 9, 11, 13, 15, 17, 19, 21, 23, 25, 27, 29, 31, 33, 35, 37, 39], Nombre de pas: 1000*10=10000
Résultat du lancement de l'algo: 
Fitness obtenue: 3666076 après 712 pas
Nombre de fitness calculé en tout: 10000
Placement pour chaque équipement obtenu: [33, 26, 15, 3, 19, 24, 21, 18, 5, 14, 2, 6, 35, 0, 27, 23, 1, 31, 7, 13, 22, 34, 11, 20, 4, 30, 9, 37, 12, 25, 39, 8, 36, 17, 38, 16, 28, 29, 32, 10]
----------------------------------------------------------------------------------
Temps d'exécution :0:00:00.445807
Les paramètres: 
La plaquette: [0, 1, 2, 3, 4, 5, 6, 7, 8, 9, 10, 11, 12, 13, 14, 15, 16, 17, 18, 19, 20, 21, 22, 23, 24, 25, 26, 27, 28, 29, 30, 31, 32, 33, 34, 35, 36, 37, 38, 39], Nombre de pas: 10*100=1000
Résultat du lancement de l'algo: 
Fitness obtenue: 3726940 après 126 pas
Nombre de fitness calculé en tout: 1000
Placement pour chaque équipement obtenu: [14, 29, 18, 7, 1, 22, 38, 39, 19, 4, 31, 17, 13, 24, 26, 11, 5, 9, 10, 2, 16, 32, 20, 15, 12, 8, 23, 3, 37, 0, 27, 30, 33, 34, 6, 25, 28, 35, 21, 36]
----------------------------------------------------------------------------------
Temps d'exécution :0:00:00.451792
Les paramètres: 
La plaquette: [39, 38, 37, 36, 35, 34, 33, 32, 31, 30, 29, 28, 27, 26, 25, 24, 23, 22, 21, 20, 19, 18, 17, 16, 15, 14, 13, 12, 11, 10, 9, 8, 7, 6, 5, 4, 3, 2, 1, 0], Nombre de pas: 10*100=1000
Résultat du lancement de l'algo: 
Fitness obtenue: 3713468 après 918 pas
Nombre de fitness calculé en tout: 1000
Placement pour chaque équipement obtenu: [19, 26, 18, 13, 31, 5, 15, 6, 29, 1, 7, 9, 37, 25, 0, 16, 4, 20, 2, 30, 21, 27, 23, 22, 17, 34, 38, 24, 12, 35, 10, 8, 3, 32, 36, 14, 28, 39, 11, 33]
----------------------------------------------------------------------------------
Temps d'exécution :0:00:00.476725
Les paramètres: 
La plaquette: [0, 2, 4, 6, 8, 10, 12, 14, 16, 18, 20, 22, 24, 26, 28, 30, 32, 34, 36, 38, 1, 3, 5, 7, 9, 11, 13, 15, 17, 19, 21, 23, 25, 27, 29, 31, 33, 35, 37, 39], Nombre de pas: 10*100=1000
Résultat du lancement de l'algo: 
Fitness obtenue: 3674670 après 603 pas
Nombre de fitness calculé en tout: 1000
Placement pour chaque équipement obtenu: [30, 15, 11, 24, 13, 29, 31, 19, 4, 38, 18, 32, 22, 28, 23, 16, 33, 3, 1, 34, 5, 27, 36, 7, 17, 6, 37, 39, 8, 25, 26, 10, 12, 14, 20, 21, 2, 35, 9, 0]
----------------------------------------------------------------------------------
Temps d'exécution :0:00:04.491985
Les paramètres: 
La plaquette: [0, 1, 2, 3, 4, 5, 6, 7, 8, 9, 10, 11, 12, 13, 14, 15, 16, 17, 18, 19, 20, 21, 22, 23, 24, 25, 26, 27, 28, 29, 30, 31, 32, 33, 34, 35, 36, 37, 38, 39], Nombre de pas: 100*100=10000
Résultat du lancement de l'algo: 
Fitness obtenue: 3684838 après 8763 pas
Nombre de fitness calculé en tout: 10000
Placement pour chaque équipement obtenu: [0, 6, 39, 11, 10, 14, 7, 4, 34, 33, 27, 36, 28, 16, 9, 30, 17, 22, 15, 32, 12, 13, 31, 3, 29, 23, 38, 8, 1, 18, 25, 20, 24, 37, 5, 2, 21, 19, 26, 35]
----------------------------------------------------------------------------------
Temps d'exécution :0:00:04.471073
Les paramètres: 
La plaquette: [39, 38, 37, 36, 35, 34, 33, 32, 31, 30, 29, 28, 27, 26, 25, 24, 23, 22, 21, 20, 19, 18, 17, 16, 15, 14, 13, 12, 11, 10, 9, 8, 7, 6, 5, 4, 3, 2, 1, 0], Nombre de pas: 100*100=10000
Résultat du lancement de l'algo: 
Fitness obtenue: 3647852 après 5390 pas
Nombre de fitness calculé en tout: 10000
Placement pour chaque équipement obtenu: [3, 5, 30, 7, 14, 18, 31, 19, 33, 32, 35, 25, 37, 12, 10, 28, 13, 36, 23, 15, 16, 34, 21, 26, 11, 0, 8, 1, 6, 39, 24, 2, 17, 20, 38, 29, 4, 22, 9, 27]
----------------------------------------------------------------------------------
Temps d'exécution :0:00:04.474031
Les paramètres: 
La plaquette: [0, 2, 4, 6, 8, 10, 12, 14, 16, 18, 20, 22, 24, 26, 28, 30, 32, 34, 36, 38, 1, 3, 5, 7, 9, 11, 13, 15, 17, 19, 21, 23, 25, 27, 29, 31, 33, 35, 37, 39], Nombre de pas: 100*100=10000
Résultat du lancement de l'algo: 
Fitness obtenue: 3691402 après 5846 pas
Nombre de fitness calculé en tout: 10000
Placement pour chaque équipement obtenu: [12, 32, 28, 0, 2, 31, 24, 5, 11, 17, 1, 35, 9, 21, 19, 27, 18, 30, 33, 8, 6, 34, 38, 4, 13, 14, 29, 7, 37, 26, 36, 16, 20, 15, 3, 39, 25, 22, 10, 23]
----------------------------------------------------------------------------------
Temps d'exécution :0:00:45.232996
Les paramètres: 
La plaquette: [0, 1, 2, 3, 4, 5, 6, 7, 8, 9, 10, 11, 12, 13, 14, 15, 16, 17, 18, 19, 20, 21, 22, 23, 24, 25, 26, 27, 28, 29, 30, 31, 32, 33, 34, 35, 36, 37, 38, 39], Nombre de pas: 1000*100=100000
Résultat du lancement de l'algo: 
Fitness obtenue: 3636482 après 36198 pas
Nombre de fitness calculé en tout: 100000
Placement pour chaque équipement obtenu: [6, 39, 10, 9, 22, 36, 8, 18, 30, 35, 21, 31, 15, 29, 11, 19, 7, 14, 34, 26, 25, 38, 37, 24, 27, 32, 23, 12, 33, 2, 28, 4, 16, 17, 0, 13, 3, 5, 20, 1]
----------------------------------------------------------------------------------
Temps d'exécution :0:00:45.396562
Les paramètres: 
La plaquette: [39, 38, 37, 36, 35, 34, 33, 32, 31, 30, 29, 28, 27, 26, 25, 24, 23, 22, 21, 20, 19, 18, 17, 16, 15, 14, 13, 12, 11, 10, 9, 8, 7, 6, 5, 4, 3, 2, 1, 0], Nombre de pas: 1000*100=100000
Résultat du lancement de l'algo: 
Fitness obtenue: 3676172 après 11389 pas
Nombre de fitness calculé en tout: 100000
Placement pour chaque équipement obtenu: [26, 17, 9, 15, 39, 22, 13, 4, 31, 30, 16, 23, 12, 33, 6, 19, 2, 14, 35, 11, 36, 1, 27, 24, 20, 7, 37, 3, 25, 34, 5, 10, 0, 18, 29, 28, 38, 32, 8, 21]
----------------------------------------------------------------------------------
Temps d'exécution :0:00:45.198094
Les paramètres: 
La plaquette: [0, 2, 4, 6, 8, 10, 12, 14, 16, 18, 20, 22, 24, 26, 28, 30, 32, 34, 36, 38, 1, 3, 5, 7, 9, 11, 13, 15, 17, 19, 21, 23, 25, 27, 29, 31, 33, 35, 37, 39], Nombre de pas: 1000*100=100000
Résultat du lancement de l'algo: 
Fitness obtenue: 3641686 après 34577 pas
Nombre de fitness calculé en tout: 100000
Placement pour chaque équipement obtenu: [23, 30, 25, 5, 9, 29, 38, 16, 19, 2, 32, 24, 35, 20, 11, 18, 6, 17, 33, 22, 13, 15, 0, 7, 34, 28, 10, 26, 21, 37, 31, 36, 27, 4, 39, 3, 8, 12, 1, 14]
----------------------------------------------------------------------------------
Temps d'exécution :0:00:04.568811
Les paramètres: 
La plaquette: [0, 1, 2, 3, 4, 5, 6, 7, 8, 9, 10, 11, 12, 13, 14, 15, 16, 17, 18, 19, 20, 21, 22, 23, 24, 25, 26, 27, 28, 29, 30, 31, 32, 33, 34, 35, 36, 37, 38, 39], Nombre de pas: 10*1000=10000
Résultat du lancement de l'algo: 
Fitness obtenue: 3662012 après 751 pas
Nombre de fitness calculé en tout: 10000
Placement pour chaque équipement obtenu: [5, 38, 17, 25, 11, 20, 15, 8, 4, 29, 19, 3, 10, 14, 32, 31, 37, 22, 18, 2, 9, 26, 30, 7, 21, 35, 13, 1, 6, 36, 0, 28, 16, 27, 24, 34, 39, 23, 12, 33]
----------------------------------------------------------------------------------
Temps d'exécution :0:00:04.491949
Les paramètres: 
La plaquette: [39, 38, 37, 36, 35, 34, 33, 32, 31, 30, 29, 28, 27, 26, 25, 24, 23, 22, 21, 20, 19, 18, 17, 16, 15, 14, 13, 12, 11, 10, 9, 8, 7, 6, 5, 4, 3, 2, 1, 0], Nombre de pas: 10*1000=10000
Résultat du lancement de l'algo: 
Fitness obtenue: 3692574 après 981 pas
Nombre de fitness calculé en tout: 10000
Placement pour chaque équipement obtenu: [12, 15, 38, 13, 34, 20, 7, 18, 10, 6, 2, 28, 5, 22, 3, 36, 30, 26, 4, 32, 1, 29, 23, 14, 24, 19, 27, 25, 37, 0, 33, 35, 8, 31, 9, 21, 17, 16, 11, 39]
----------------------------------------------------------------------------------
Temps d'exécution :0:00:04.516952
Les paramètres: 
La plaquette: [0, 2, 4, 6, 8, 10, 12, 14, 16, 18, 20, 22, 24, 26, 28, 30, 32, 34, 36, 38, 1, 3, 5, 7, 9, 11, 13, 15, 17, 19, 21, 23, 25, 27, 29, 31, 33, 35, 37, 39], Nombre de pas: 10*1000=10000
Résultat du lancement de l'algo: 
Fitness obtenue: 3678988 après 2055 pas
Nombre de fitness calculé en tout: 10000
Placement pour chaque équipement obtenu: [11, 18, 30, 33, 31, 39, 2, 32, 23, 6, 10, 25, 35, 4, 20, 34, 8, 36, 9, 22, 15, 24, 19, 21, 12, 13, 17, 0, 3, 1, 29, 5, 16, 26, 28, 27, 14, 7, 37, 38]
----------------------------------------------------------------------------------
Temps d'exécution :0:00:45.120300
Les paramètres: 
La plaquette: [0, 1, 2, 3, 4, 5, 6, 7, 8, 9, 10, 11, 12, 13, 14, 15, 16, 17, 18, 19, 20, 21, 22, 23, 24, 25, 26, 27, 28, 29, 30, 31, 32, 33, 34, 35, 36, 37, 38, 39], Nombre de pas: 100*1000=100000
Résultat du lancement de l'algo: 
Fitness obtenue: 3644212 après 52252 pas
Nombre de fitness calculé en tout: 100000
Placement pour chaque équipement obtenu: [35, 36, 8, 12, 38, 9, 6, 22, 27, 33, 10, 4, 16, 20, 31, 2, 3, 11, 24, 34, 7, 25, 28, 17, 19, 0, 13, 39, 1, 32, 18, 29, 30, 15, 21, 23, 5, 37, 14, 26]
----------------------------------------------------------------------------------
Temps d'exécution :0:00:45.173161
Les paramètres: 
La plaquette: [39, 38, 37, 36, 35, 34, 33, 32, 31, 30, 29, 28, 27, 26, 25, 24, 23, 22, 21, 20, 19, 18, 17, 16, 15, 14, 13, 12, 11, 10, 9, 8, 7, 6, 5, 4, 3, 2, 1, 0], Nombre de pas: 100*1000=100000
Résultat du lancement de l'algo: 
Fitness obtenue: 3646506 après 70974 pas
Nombre de fitness calculé en tout: 100000
Placement pour chaque équipement obtenu: [27, 39, 6, 15, 30, 29, 20, 2, 34, 14, 38, 0, 31, 24, 32, 26, 18, 28, 5, 35, 17, 4, 36, 12, 8, 7, 33, 23, 19, 10, 3, 16, 37, 22, 1, 25, 13, 21, 11, 9]
----------------------------------------------------------------------------------
Temps d'exécution :0:00:45.241972
Les paramètres: 
La plaquette: [0, 2, 4, 6, 8, 10, 12, 14, 16, 18, 20, 22, 24, 26, 28, 30, 32, 34, 36, 38, 1, 3, 5, 7, 9, 11, 13, 15, 17, 19, 21, 23, 25, 27, 29, 31, 33, 35, 37, 39], Nombre de pas: 100*1000=100000
Résultat du lancement de l'algo: 
Fitness obtenue: 3641056 après 72128 pas
Nombre de fitness calculé en tout: 100000
Placement pour chaque équipement obtenu: [14, 8, 15, 18, 32, 4, 39, 31, 21, 25, 12, 0, 10, 6, 33, 20, 1, 9, 28, 23, 30, 36, 38, 13, 24, 27, 11, 7, 19, 34, 2, 29, 35, 22, 17, 16, 3, 37, 5, 26]
----------------------------------------------------------------------------------
Temps d'exécution :0:07:31.912063
Les paramètres: 
La plaquette: [0, 1, 2, 3, 4, 5, 6, 7, 8, 9, 10, 11, 12, 13, 14, 15, 16, 17, 18, 19, 20, 21, 22, 23, 24, 25, 26, 27, 28, 29, 30, 31, 32, 33, 34, 35, 36, 37, 38, 39], Nombre de pas: 1000*1000=1000000
Résultat du lancement de l'algo: 
Fitness obtenue: 3635156 après 164934 pas
Nombre de fitness calculé en tout: 1000000
Placement pour chaque équipement obtenu: [37, 6, 38, 32, 22, 19, 34, 3, 18, 33, 39, 23, 25, 26, 35, 24, 15, 28, 10, 20, 8, 30, 4, 16, 5, 31, 1, 2, 11, 14, 13, 29, 9, 21, 17, 12, 36, 27, 0, 7]
----------------------------------------------------------------------------------
Temps d'exécution :0:07:32.235232
Les paramètres: 
La plaquette: [39, 38, 37, 36, 35, 34, 33, 32, 31, 30, 29, 28, 27, 26, 25, 24, 23, 22, 21, 20, 19, 18, 17, 16, 15, 14, 13, 12, 11, 10, 9, 8, 7, 6, 5, 4, 3, 2, 1, 0], Nombre de pas: 1000*1000=1000000
Résultat du lancement de l'algo: 
Fitness obtenue: 3630828 après 83430 pas
Nombre de fitness calculé en tout: 1000000
Placement pour chaque équipement obtenu: [39, 17, 26, 5, 16, 8, 11, 30, 4, 25, 24, 13, 27, 21, 20, 3, 35, 7, 32, 31, 33, 29, 22, 2, 18, 37, 9, 34, 23, 14, 28, 19, 36, 38, 6, 12, 10, 1, 0, 15]
----------------------------------------------------------------------------------
Temps d'exécution :0:07:33.411118
Les paramètres: 
La plaquette: [0, 2, 4, 6, 8, 10, 12, 14, 16, 18, 20, 22, 24, 26, 28, 30, 32, 34, 36, 38, 1, 3, 5, 7, 9, 11, 13, 15, 17, 19, 21, 23, 25, 27, 29, 31, 33, 35, 37, 39], Nombre de pas: 1000*1000=1000000
Résultat du lancement de l'algo: 
Fitness obtenue: 3621818 après 92053 pas
Nombre de fitness calculé en tout: 1000000
Placement pour chaque équipement obtenu: [37, 10, 22, 12, 30, 21, 13, 18, 1, 16, 31, 23, 15, 3, 8, 2, 36, 27, 5, 14, 17, 19, 7, 29, 38, 32, 6, 28, 4, 39, 33, 25, 20, 35, 9, 24, 0, 34, 26, 11]
----------------------------------------------------------------------------------
Temps d'exécution :0:00:00.046877
Les paramètres: 
La plaquette: [0, 1, 2, 3, 4, 5, 6, 7, 8, 9, 10, 11, 12, 13, 14, 15, 16, 17, 18, 19, 20, 21, 22, 23, 24, 25, 26, 27, 28, 29, 30, 31, 32, 33, 34, 35, 36, 37, 38, 39], Nombre de pas: 10*10=100
Résultat du lancement de l'algo: 
Fitness obtenue: 3744556 après 23 pas
Nombre de fitness calculé en tout: 100
Placement pour chaque équipement obtenu: [6, 35, 10, 38, 18, 26, 31, 7, 8, 24, 20, 36, 5, 11, 14, 15, 16, 28, 1, 19, 29, 21, 17, 23, 3, 33, 12, 27, 22, 2, 30, 0, 32, 25, 34, 13, 9, 37, 4, 39]
----------------------------------------------------------------------------------
Temps d'exécution :0:00:00.046873
Les paramètres: 
La plaquette: [39, 38, 37, 36, 35, 34, 33, 32, 31, 30, 29, 28, 27, 26, 25, 24, 23, 22, 21, 20, 19, 18, 17, 16, 15, 14, 13, 12, 11, 10, 9, 8, 7, 6, 5, 4, 3, 2, 1, 0], Nombre de pas: 10*10=100
Résultat du lancement de l'algo: 
Fitness obtenue: 3794724 après 100 pas
Nombre de fitness calculé en tout: 100
Placement pour chaque équipement obtenu: [12, 38, 5, 14, 10, 34, 9, 18, 29, 39, 8, 30, 7, 37, 28, 35, 31, 1, 32, 26, 0, 3, 17, 19, 36, 20, 21, 6, 33, 2, 22, 15, 24, 16, 25, 11, 27, 4, 23, 13]
----------------------------------------------------------------------------------
Temps d'exécution :0:00:00.046877
Les paramètres: 
La plaquette: [0, 2, 4, 6, 8, 10, 12, 14, 16, 18, 20, 22, 24, 26, 28, 30, 32, 34, 36, 38, 1, 3, 5, 7, 9, 11, 13, 15, 17, 19, 21, 23, 25, 27, 29, 31, 33, 35, 37, 39], Nombre de pas: 10*10=100
Résultat du lancement de l'algo: 
Fitness obtenue: 3776316 après 32 pas
Nombre de fitness calculé en tout: 100
Placement pour chaque équipement obtenu: [5, 31, 2, 30, 6, 28, 16, 7, 38, 4, 12, 11, 21, 13, 23, 37, 36, 26, 9, 19, 20, 34, 0, 14, 3, 25, 17, 27, 10, 33, 35, 15, 22, 18, 29, 24, 1, 39, 8, 32]
----------------------------------------------------------------------------------
Temps d'exécution :0:00:00.491683
Les paramètres: 
La plaquette: [0, 1, 2, 3, 4, 5, 6, 7, 8, 9, 10, 11, 12, 13, 14, 15, 16, 17, 18, 19, 20, 21, 22, 23, 24, 25, 26, 27, 28, 29, 30, 31, 32, 33, 34, 35, 36, 37, 38, 39], Nombre de pas: 100*10=1000
Résultat du lancement de l'algo: 
Fitness obtenue: 3710760 après 60 pas
Nombre de fitness calculé en tout: 1000
Placement pour chaque équipement obtenu: [15, 0, 9, 3, 12, 32, 7, 39, 37, 21, 14, 38, 13, 25, 35, 31, 16, 20, 28, 36, 1, 4, 10, 18, 27, 2, 29, 6, 11, 19, 33, 5, 26, 34, 24, 17, 8, 30, 22, 23]
----------------------------------------------------------------------------------
Temps d'exécution :0:00:00.438826
Les paramètres: 
La plaquette: [39, 38, 37, 36, 35, 34, 33, 32, 31, 30, 29, 28, 27, 26, 25, 24, 23, 22, 21, 20, 19, 18, 17, 16, 15, 14, 13, 12, 11, 10, 9, 8, 7, 6, 5, 4, 3, 2, 1, 0], Nombre de pas: 100*10=1000
Résultat du lancement de l'algo: 
Fitness obtenue: 3668398 après 193 pas
Nombre de fitness calculé en tout: 1000
Placement pour chaque équipement obtenu: [12, 29, 37, 30, 20, 3, 7, 35, 32, 15, 31, 13, 25, 24, 14, 0, 9, 39, 28, 22, 34, 5, 21, 8, 2, 10, 6, 27, 11, 33, 18, 16, 23, 17, 19, 4, 26, 1, 38, 36]
----------------------------------------------------------------------------------
Temps d'exécution :0:00:00.448800
Les paramètres: 
La plaquette: [0, 2, 4, 6, 8, 10, 12, 14, 16, 18, 20, 22, 24, 26, 28, 30, 32, 34, 36, 38, 1, 3, 5, 7, 9, 11, 13, 15, 17, 19, 21, 23, 25, 27, 29, 31, 33, 35, 37, 39], Nombre de pas: 100*10=1000
Résultat du lancement de l'algo: 
Fitness obtenue: 3703922 après 130 pas
Nombre de fitness calculé en tout: 1000
Placement pour chaque équipement obtenu: [34, 33, 5, 6, 37, 2, 15, 3, 39, 36, 11, 18, 7, 4, 20, 26, 19, 0, 17, 29, 22, 16, 14, 25, 8, 31, 32, 13, 12, 23, 21, 28, 9, 1, 30, 24, 10, 38, 35, 27]
----------------------------------------------------------------------------------
Temps d'exécution :0:00:04.607706
Les paramètres: 
La plaquette: [0, 1, 2, 3, 4, 5, 6, 7, 8, 9, 10, 11, 12, 13, 14, 15, 16, 17, 18, 19, 20, 21, 22, 23, 24, 25, 26, 27, 28, 29, 30, 31, 32, 33, 34, 35, 36, 37, 38, 39], Nombre de pas: 1000*10=10000
Résultat du lancement de l'algo: 
Fitness obtenue: 3712730 après 481 pas
Nombre de fitness calculé en tout: 10000
Placement pour chaque équipement obtenu: [27, 6, 32, 34, 1, 24, 18, 31, 0, 14, 38, 21, 23, 9, 35, 29, 8, 11, 39, 37, 2, 16, 26, 13, 19, 4, 10, 5, 33, 25, 17, 36, 12, 28, 15, 22, 3, 7, 30, 20]
----------------------------------------------------------------------------------
Temps d'exécution :0:00:04.597661
Les paramètres: 
La plaquette: [39, 38, 37, 36, 35, 34, 33, 32, 31, 30, 29, 28, 27, 26, 25, 24, 23, 22, 21, 20, 19, 18, 17, 16, 15, 14, 13, 12, 11, 10, 9, 8, 7, 6, 5, 4, 3, 2, 1, 0], Nombre de pas: 1000*10=10000
Résultat du lancement de l'algo: 
Fitness obtenue: 3734032 après 229 pas
Nombre de fitness calculé en tout: 10000
Placement pour chaque équipement obtenu: [29, 37, 38, 36, 6, 16, 21, 4, 30, 17, 22, 5, 28, 27, 15, 32, 33, 8, 7, 19, 2, 1, 20, 34, 18, 31, 12, 26, 9, 35, 10, 11, 14, 3, 24, 0, 23, 25, 39, 13]
----------------------------------------------------------------------------------
Temps d'exécution :0:00:04.543845
Les paramètres: 
La plaquette: [0, 2, 4, 6, 8, 10, 12, 14, 16, 18, 20, 22, 24, 26, 28, 30, 32, 34, 36, 38, 1, 3, 5, 7, 9, 11, 13, 15, 17, 19, 21, 23, 25, 27, 29, 31, 33, 35, 37, 39], Nombre de pas: 1000*10=10000
Résultat du lancement de l'algo: 
Fitness obtenue: 3649324 après 668 pas
Nombre de fitness calculé en tout: 10000
Placement pour chaque équipement obtenu: [32, 7, 29, 5, 12, 37, 8, 10, 9, 0, 16, 14, 36, 11, 20, 33, 23, 30, 17, 25, 21, 2, 13, 26, 31, 28, 38, 1, 18, 4, 3, 35, 34, 6, 19, 22, 39, 15, 24, 27]
----------------------------------------------------------------------------------
Temps d'exécution :0:00:00.462762
Les paramètres: 
La plaquette: [0, 1, 2, 3, 4, 5, 6, 7, 8, 9, 10, 11, 12, 13, 14, 15, 16, 17, 18, 19, 20, 21, 22, 23, 24, 25, 26, 27, 28, 29, 30, 31, 32, 33, 34, 35, 36, 37, 38, 39], Nombre de pas: 10*100=1000
Résultat du lancement de l'algo: 
Fitness obtenue: 3713322 après 101 pas
Nombre de fitness calculé en tout: 1000
Placement pour chaque équipement obtenu: [26, 28, 21, 1, 14, 6, 30, 13, 10, 29, 3, 24, 11, 9, 36, 18, 31, 25, 20, 33, 34, 16, 17, 38, 7, 2, 39, 4, 15, 0, 23, 27, 35, 8, 22, 32, 19, 37, 12, 5]
----------------------------------------------------------------------------------
Temps d'exécution :0:00:00.451792
Les paramètres: 
La plaquette: [39, 38, 37, 36, 35, 34, 33, 32, 31, 30, 29, 28, 27, 26, 25, 24, 23, 22, 21, 20, 19, 18, 17, 16, 15, 14, 13, 12, 11, 10, 9, 8, 7, 6, 5, 4, 3, 2, 1, 0], Nombre de pas: 10*100=1000
Résultat du lancement de l'algo: 
Fitness obtenue: 3712034 après 190 pas
Nombre de fitness calculé en tout: 1000
Placement pour chaque équipement obtenu: [1, 15, 0, 17, 2, 3, 35, 19, 10, 33, 13, 24, 38, 29, 36, 34, 39, 28, 6, 26, 14, 11, 8, 21, 16, 12, 37, 20, 23, 30, 27, 25, 22, 31, 18, 32, 7, 9, 4, 5]
----------------------------------------------------------------------------------
Temps d'exécution :0:00:00.449796
Les paramètres: 
La plaquette: [0, 2, 4, 6, 8, 10, 12, 14, 16, 18, 20, 22, 24, 26, 28, 30, 32, 34, 36, 38, 1, 3, 5, 7, 9, 11, 13, 15, 17, 19, 21, 23, 25, 27, 29, 31, 33, 35, 37, 39], Nombre de pas: 10*100=1000
Résultat du lancement de l'algo: 
Fitness obtenue: 3689302 après 494 pas
Nombre de fitness calculé en tout: 1000
Placement pour chaque équipement obtenu: [5, 4, 39, 35, 9, 37, 2, 21, 19, 28, 16, 25, 6, 20, 13, 7, 11, 1, 0, 32, 12, 33, 18, 10, 15, 22, 29, 23, 26, 36, 27, 3, 30, 8, 17, 14, 38, 34, 31, 24]
----------------------------------------------------------------------------------
Temps d'exécution :0:00:04.499993
Les paramètres: 
La plaquette: [0, 1, 2, 3, 4, 5, 6, 7, 8, 9, 10, 11, 12, 13, 14, 15, 16, 17, 18, 19, 20, 21, 22, 23, 24, 25, 26, 27, 28, 29, 30, 31, 32, 33, 34, 35, 36, 37, 38, 39], Nombre de pas: 100*100=10000
Résultat du lancement de l'algo: 
Fitness obtenue: 3682982 après 18 pas
Nombre de fitness calculé en tout: 10000
Placement pour chaque équipement obtenu: [0, 1, 39, 3, 4, 5, 32, 29, 28, 31, 15, 7, 12, 22, 14, 9, 25, 33, 20, 35, 38, 21, 17, 36, 24, 23, 26, 27, 8, 11, 30, 10, 6, 13, 34, 19, 16, 37, 18, 2]
----------------------------------------------------------------------------------
Temps d'exécution :0:00:04.513923
Les paramètres: 
La plaquette: [39, 38, 37, 36, 35, 34, 33, 32, 31, 30, 29, 28, 27, 26, 25, 24, 23, 22, 21, 20, 19, 18, 17, 16, 15, 14, 13, 12, 11, 10, 9, 8, 7, 6, 5, 4, 3, 2, 1, 0], Nombre de pas: 100*100=10000
Résultat du lancement de l'algo: 
Fitness obtenue: 3672102 après 2380 pas
Nombre de fitness calculé en tout: 10000
Placement pour chaque équipement obtenu: [1, 15, 33, 22, 10, 29, 2, 5, 35, 0, 32, 23, 14, 38, 26, 7, 6, 11, 27, 24, 16, 34, 31, 13, 8, 3, 21, 25, 39, 37, 30, 12, 28, 4, 17, 18, 36, 9, 20, 19]
----------------------------------------------------------------------------------
Temps d'exécution :0:00:04.515920
Les paramètres: 
La plaquette: [0, 2, 4, 6, 8, 10, 12, 14, 16, 18, 20, 22, 24, 26, 28, 30, 32, 34, 36, 38, 1, 3, 5, 7, 9, 11, 13, 15, 17, 19, 21, 23, 25, 27, 29, 31, 33, 35, 37, 39], Nombre de pas: 100*100=10000
Résultat du lancement de l'algo: 
Fitness obtenue: 3656494 après 82 pas
Nombre de fitness calculé en tout: 10000
Placement pour chaque équipement obtenu: [20, 12, 5, 7, 28, 8, 34, 35, 22, 2, 11, 6, 16, 1, 4, 15, 26, 17, 31, 25, 23, 21, 36, 9, 37, 24, 33, 0, 13, 3, 38, 30, 19, 39, 18, 27, 29, 32, 14, 10]
----------------------------------------------------------------------------------
Temps d'exécution :0:00:45.154221
Les paramètres: 
La plaquette: [0, 1, 2, 3, 4, 5, 6, 7, 8, 9, 10, 11, 12, 13, 14, 15, 16, 17, 18, 19, 20, 21, 22, 23, 24, 25, 26, 27, 28, 29, 30, 31, 32, 33, 34, 35, 36, 37, 38, 39], Nombre de pas: 1000*100=100000
Résultat du lancement de l'algo: 
Fitness obtenue: 3670760 après 2147 pas
Nombre de fitness calculé en tout: 100000
Placement pour chaque équipement obtenu: [12, 0, 9, 1, 21, 32, 13, 25, 17, 31, 22, 38, 24, 36, 16, 33, 18, 15, 4, 27, 39, 20, 7, 35, 10, 3, 8, 37, 34, 5, 19, 6, 11, 29, 26, 14, 2, 28, 30, 23]
----------------------------------------------------------------------------------
Temps d'exécution :0:00:45.395550
Les paramètres: 
La plaquette: [39, 38, 37, 36, 35, 34, 33, 32, 31, 30, 29, 28, 27, 26, 25, 24, 23, 22, 21, 20, 19, 18, 17, 16, 15, 14, 13, 12, 11, 10, 9, 8, 7, 6, 5, 4, 3, 2, 1, 0], Nombre de pas: 1000*100=100000
Résultat du lancement de l'algo: 
Fitness obtenue: 3633192 après 1434 pas
Nombre de fitness calculé en tout: 100000
Placement pour chaque équipement obtenu: [1, 20, 36, 23, 2, 35, 6, 10, 33, 31, 21, 39, 22, 25, 11, 4, 29, 34, 13, 0, 18, 7, 27, 15, 38, 19, 37, 5, 3, 24, 17, 16, 14, 32, 12, 28, 26, 9, 30, 8]
----------------------------------------------------------------------------------
Temps d'exécution :0:00:45.300819
Les paramètres: 
La plaquette: [0, 2, 4, 6, 8, 10, 12, 14, 16, 18, 20, 22, 24, 26, 28, 30, 32, 34, 36, 38, 1, 3, 5, 7, 9, 11, 13, 15, 17, 19, 21, 23, 25, 27, 29, 31, 33, 35, 37, 39], Nombre de pas: 1000*100=100000
Résultat du lancement de l'algo: 
Fitness obtenue: 3661622 après 6961 pas
Nombre de fitness calculé en tout: 100000
Placement pour chaque équipement obtenu: [31, 35, 21, 22, 23, 38, 32, 10, 5, 8, 25, 0, 39, 29, 34, 1, 11, 15, 7, 2, 13, 12, 37, 20, 6, 18, 33, 9, 17, 30, 24, 28, 19, 36, 14, 3, 26, 27, 16, 4]
----------------------------------------------------------------------------------
Temps d'exécution :0:00:04.500958
Les paramètres: 
La plaquette: [0, 1, 2, 3, 4, 5, 6, 7, 8, 9, 10, 11, 12, 13, 14, 15, 16, 17, 18, 19, 20, 21, 22, 23, 24, 25, 26, 27, 28, 29, 30, 31, 32, 33, 34, 35, 36, 37, 38, 39], Nombre de pas: 10*1000=10000
Résultat du lancement de l'algo: 
Fitness obtenue: 3653346 après 3349 pas
Nombre de fitness calculé en tout: 10000
Placement pour chaque équipement obtenu: [25, 36, 28, 10, 34, 0, 12, 30, 26, 39, 4, 20, 27, 5, 7, 11, 9, 22, 21, 8, 18, 35, 6, 16, 17, 29, 14, 31, 2, 15, 24, 37, 38, 1, 32, 13, 23, 19, 3, 33]
----------------------------------------------------------------------------------
Temps d'exécution :0:00:04.511929
Les paramètres: 
La plaquette: [39, 38, 37, 36, 35, 34, 33, 32, 31, 30, 29, 28, 27, 26, 25, 24, 23, 22, 21, 20, 19, 18, 17, 16, 15, 14, 13, 12, 11, 10, 9, 8, 7, 6, 5, 4, 3, 2, 1, 0], Nombre de pas: 10*1000=10000
Résultat du lancement de l'algo: 
Fitness obtenue: 3673352 après 3095 pas
Nombre de fitness calculé en tout: 10000
Placement pour chaque équipement obtenu: [9, 25, 7, 37, 13, 16, 23, 3, 22, 21, 10, 15, 29, 32, 35, 31, 8, 33, 14, 28, 39, 5, 12, 30, 36, 38, 0, 18, 24, 34, 1, 27, 6, 26, 17, 4, 20, 2, 19, 11]
----------------------------------------------------------------------------------
Temps d'exécution :0:00:04.524894
Les paramètres: 
La plaquette: [0, 2, 4, 6, 8, 10, 12, 14, 16, 18, 20, 22, 24, 26, 28, 30, 32, 34, 36, 38, 1, 3, 5, 7, 9, 11, 13, 15, 17, 19, 21, 23, 25, 27, 29, 31, 33, 35, 37, 39], Nombre de pas: 10*1000=10000
Résultat du lancement de l'algo: 
Fitness obtenue: 3650094 après 6139 pas
Nombre de fitness calculé en tout: 10000
Placement pour chaque équipement obtenu: [2, 25, 5, 9, 33, 35, 24, 11, 29, 26, 14, 0, 22, 31, 12, 7, 6, 30, 39, 32, 15, 34, 1, 38, 27, 16, 36, 17, 3, 19, 18, 4, 20, 28, 37, 13, 8, 10, 23, 21]
----------------------------------------------------------------------------------
Temps d'exécution :0:00:45.111325
Les paramètres: 
La plaquette: [0, 1, 2, 3, 4, 5, 6, 7, 8, 9, 10, 11, 12, 13, 14, 15, 16, 17, 18, 19, 20, 21, 22, 23, 24, 25, 26, 27, 28, 29, 30, 31, 32, 33, 34, 35, 36, 37, 38, 39], Nombre de pas: 100*1000=100000
Résultat du lancement de l'algo: 
Fitness obtenue: 3658774 après 24137 pas
Nombre de fitness calculé en tout: 100000
Placement pour chaque équipement obtenu: [33, 9, 18, 7, 32, 35, 37, 38, 20, 5, 34, 27, 16, 4, 29, 17, 8, 22, 0, 11, 12, 24, 23, 3, 39, 13, 1, 14, 26, 30, 21, 10, 28, 31, 2, 36, 25, 19, 15, 6]
----------------------------------------------------------------------------------
Temps d'exécution :0:00:45.319733
Les paramètres: 
La plaquette: [39, 38, 37, 36, 35, 34, 33, 32, 31, 30, 29, 28, 27, 26, 25, 24, 23, 22, 21, 20, 19, 18, 17, 16, 15, 14, 13, 12, 11, 10, 9, 8, 7, 6, 5, 4, 3, 2, 1, 0], Nombre de pas: 100*1000=100000
Résultat du lancement de l'algo: 
Fitness obtenue: 3636326 après 34524 pas
Nombre de fitness calculé en tout: 100000
Placement pour chaque équipement obtenu: [14, 17, 18, 26, 39, 19, 11, 22, 23, 33, 16, 20, 12, 21, 5, 8, 2, 30, 25, 7, 4, 28, 29, 0, 31, 37, 10, 3, 27, 34, 1, 6, 32, 15, 9, 35, 24, 38, 36, 13]
----------------------------------------------------------------------------------
Temps d'exécution :0:00:45.071466
Les paramètres: 
La plaquette: [0, 2, 4, 6, 8, 10, 12, 14, 16, 18, 20, 22, 24, 26, 28, 30, 32, 34, 36, 38, 1, 3, 5, 7, 9, 11, 13, 15, 17, 19, 21, 23, 25, 27, 29, 31, 33, 35, 37, 39], Nombre de pas: 100*1000=100000
Résultat du lancement de l'algo: 
Fitness obtenue: 3642254 après 26252 pas
Nombre de fitness calculé en tout: 100000
Placement pour chaque équipement obtenu: [36, 26, 9, 21, 2, 33, 25, 14, 23, 0, 16, 29, 27, 6, 17, 10, 11, 3, 4, 34, 31, 13, 20, 28, 5, 18, 39, 32, 22, 35, 19, 38, 37, 8, 15, 12, 30, 7, 1, 24]
----------------------------------------------------------------------------------
Temps d'exécution :0:07:32.445669
Les paramètres: 
La plaquette: [0, 1, 2, 3, 4, 5, 6, 7, 8, 9, 10, 11, 12, 13, 14, 15, 16, 17, 18, 19, 20, 21, 22, 23, 24, 25, 26, 27, 28, 29, 30, 31, 32, 33, 34, 35, 36, 37, 38, 39], Nombre de pas: 1000*1000=1000000
Résultat du lancement de l'algo: 
Fitness obtenue: 3641118 après 12299 pas
Nombre de fitness calculé en tout: 1000000
Placement pour chaque équipement obtenu: [10, 32, 12, 3, 11, 36, 33, 39, 6, 7, 1, 2, 22, 4, 31, 29, 38, 14, 35, 28, 9, 27, 17, 20, 26, 18, 30, 19, 24, 0, 5, 13, 21, 25, 15, 34, 37, 8, 16, 23]
----------------------------------------------------------------------------------
Temps d'exécution :0:07:34.446313
Les paramètres: 
La plaquette: [39, 38, 37, 36, 35, 34, 33, 32, 31, 30, 29, 28, 27, 26, 25, 24, 23, 22, 21, 20, 19, 18, 17, 16, 15, 14, 13, 12, 11, 10, 9, 8, 7, 6, 5, 4, 3, 2, 1, 0], Nombre de pas: 1000*1000=1000000
Résultat du lancement de l'algo: 
Fitness obtenue: 3652454 après 67940 pas
Nombre de fitness calculé en tout: 1000000
Placement pour chaque équipement obtenu: [25, 38, 3, 32, 26, 17, 4, 23, 12, 31, 18, 5, 9, 6, 39, 19, 37, 34, 8, 16, 29, 30, 27, 22, 36, 21, 1, 20, 28, 35, 33, 10, 11, 24, 0, 15, 2, 7, 14, 13]
----------------------------------------------------------------------------------
Temps d'exécution :0:07:33.050053
Les paramètres: 
La plaquette: [0, 2, 4, 6, 8, 10, 12, 14, 16, 18, 20, 22, 24, 26, 28, 30, 32, 34, 36, 38, 1, 3, 5, 7, 9, 11, 13, 15, 17, 19, 21, 23, 25, 27, 29, 31, 33, 35, 37, 39], Nombre de pas: 1000*1000=1000000
Résultat du lancement de l'algo: 
Fitness obtenue: 3647670 après 17353 pas
Nombre de fitness calculé en tout: 1000000
Placement pour chaque équipement obtenu: [31, 9, 35, 3, 0, 14, 30, 18, 23, 28, 38, 37, 36, 7, 22, 10, 17, 33, 32, 39, 20, 5, 6, 25, 13, 4, 11, 34, 16, 21, 26, 2, 12, 29, 27, 15, 8, 19, 24, 1]
----------------------------------------------------------------------------------
Temps d'exécution :0:00:00.047867
Les paramètres: 
La plaquette: [0, 1, 2, 3, 4, 5, 6, 7, 8, 9, 10, 11, 12, 13, 14, 15, 16, 17, 18, 19, 20, 21, 22, 23, 24, 25, 26, 27, 28, 29, 30, 31, 32, 33, 34, 35, 36, 37, 38, 39], Nombre de pas: 10*10=100
Résultat du lancement de l'algo: 
Fitness obtenue: 3702998 après 24 pas
Nombre de fitness calculé en tout: 100
Placement pour chaque équipement obtenu: [0, 23, 4, 3, 28, 5, 8, 18, 35, 22, 13, 11, 32, 10, 30, 39, 37, 31, 12, 17, 9, 34, 20, 14, 36, 25, 26, 27, 15, 29, 1, 19, 7, 33, 2, 6, 24, 16, 38, 21]
----------------------------------------------------------------------------------
Temps d'exécution :0:00:00.046887
Les paramètres: 
La plaquette: [39, 38, 37, 36, 35, 34, 33, 32, 31, 30, 29, 28, 27, 26, 25, 24, 23, 22, 21, 20, 19, 18, 17, 16, 15, 14, 13, 12, 11, 10, 9, 8, 7, 6, 5, 4, 3, 2, 1, 0], Nombre de pas: 10*10=100
Résultat du lancement de l'algo: 
Fitness obtenue: 3724390 après 53 pas
Nombre de fitness calculé en tout: 100
Placement pour chaque équipement obtenu: [12, 19, 17, 0, 38, 26, 36, 34, 8, 11, 28, 25, 3, 13, 15, 29, 23, 27, 2, 35, 10, 21, 7, 32, 4, 37, 9, 1, 14, 31, 30, 18, 20, 39, 6, 22, 5, 33, 24, 16]
----------------------------------------------------------------------------------
Temps d'exécution :0:00:00.044875
Les paramètres: 
La plaquette: [0, 2, 4, 6, 8, 10, 12, 14, 16, 18, 20, 22, 24, 26, 28, 30, 32, 34, 36, 38, 1, 3, 5, 7, 9, 11, 13, 15, 17, 19, 21, 23, 25, 27, 29, 31, 33, 35, 37, 39], Nombre de pas: 10*10=100
Résultat du lancement de l'algo: 
Fitness obtenue: 3700342 après 84 pas
Nombre de fitness calculé en tout: 100
Placement pour chaque équipement obtenu: [21, 15, 18, 29, 32, 36, 25, 4, 22, 3, 2, 13, 12, 7, 31, 30, 35, 23, 38, 0, 37, 33, 1, 5, 16, 26, 10, 27, 34, 19, 11, 20, 14, 9, 28, 17, 6, 24, 8, 39]
----------------------------------------------------------------------------------
Temps d'exécution :0:00:00.447793
Les paramètres: 
La plaquette: [0, 1, 2, 3, 4, 5, 6, 7, 8, 9, 10, 11, 12, 13, 14, 15, 16, 17, 18, 19, 20, 21, 22, 23, 24, 25, 26, 27, 28, 29, 30, 31, 32, 33, 34, 35, 36, 37, 38, 39], Nombre de pas: 100*10=1000
Résultat du lancement de l'algo: 
Fitness obtenue: 3702112 après 480 pas
Nombre de fitness calculé en tout: 1000
Placement pour chaque équipement obtenu: [20, 9, 1, 38, 32, 25, 4, 30, 21, 37, 5, 10, 16, 15, 2, 14, 18, 29, 34, 33, 3, 8, 6, 19, 39, 7, 24, 31, 28, 26, 27, 36, 0, 23, 12, 13, 17, 22, 35, 11]
----------------------------------------------------------------------------------
Temps d'exécution :0:00:00.448798
Les paramètres: 
La plaquette: [39, 38, 37, 36, 35, 34, 33, 32, 31, 30, 29, 28, 27, 26, 25, 24, 23, 22, 21, 20, 19, 18, 17, 16, 15, 14, 13, 12, 11, 10, 9, 8, 7, 6, 5, 4, 3, 2, 1, 0], Nombre de pas: 100*10=1000
Résultat du lancement de l'algo: 
Fitness obtenue: 3693562 après 844 pas
Nombre de fitness calculé en tout: 1000
Placement pour chaque équipement obtenu: [7, 25, 19, 17, 15, 3, 4, 9, 34, 0, 32, 28, 39, 5, 30, 10, 16, 6, 12, 24, 33, 13, 1, 29, 14, 11, 23, 20, 37, 2, 38, 26, 36, 35, 18, 31, 22, 8, 27, 21]
----------------------------------------------------------------------------------
Temps d'exécution :0:00:00.447801
Les paramètres: 
La plaquette: [0, 2, 4, 6, 8, 10, 12, 14, 16, 18, 20, 22, 24, 26, 28, 30, 32, 34, 36, 38, 1, 3, 5, 7, 9, 11, 13, 15, 17, 19, 21, 23, 25, 27, 29, 31, 33, 35, 37, 39], Nombre de pas: 100*10=1000
Résultat du lancement de l'algo: 
Fitness obtenue: 3652750 après 199 pas
Nombre de fitness calculé en tout: 1000
Placement pour chaque équipement obtenu: [4, 22, 15, 23, 2, 8, 27, 12, 31, 5, 3, 33, 34, 39, 20, 37, 1, 14, 36, 9, 25, 0, 13, 38, 16, 30, 26, 17, 18, 35, 32, 21, 28, 29, 6, 19, 24, 10, 11, 7]
----------------------------------------------------------------------------------
Temps d'exécution :0:00:04.543847
Les paramètres: 
La plaquette: [0, 1, 2, 3, 4, 5, 6, 7, 8, 9, 10, 11, 12, 13, 14, 15, 16, 17, 18, 19, 20, 21, 22, 23, 24, 25, 26, 27, 28, 29, 30, 31, 32, 33, 34, 35, 36, 37, 38, 39], Nombre de pas: 1000*10=10000
Résultat du lancement de l'algo: 
Fitness obtenue: 3651212 après 5516 pas
Nombre de fitness calculé en tout: 10000
Placement pour chaque équipement obtenu: [30, 23, 20, 33, 1, 12, 25, 16, 14, 10, 27, 9, 36, 0, 22, 29, 39, 34, 3, 7, 35, 18, 11, 15, 13, 21, 5, 32, 31, 4, 17, 8, 38, 6, 19, 28, 2, 24, 37, 26]
----------------------------------------------------------------------------------
Temps d'exécution :0:00:04.536831
Les paramètres: 
La plaquette: [39, 38, 37, 36, 35, 34, 33, 32, 31, 30, 29, 28, 27, 26, 25, 24, 23, 22, 21, 20, 19, 18, 17, 16, 15, 14, 13, 12, 11, 10, 9, 8, 7, 6, 5, 4, 3, 2, 1, 0], Nombre de pas: 1000*10=10000
Résultat du lancement de l'algo: 
Fitness obtenue: 3687478 après 3428 pas
Nombre de fitness calculé en tout: 10000
Placement pour chaque équipement obtenu: [27, 36, 3, 22, 17, 7, 6, 25, 10, 38, 33, 8, 30, 29, 2, 9, 31, 4, 34, 0, 14, 35, 15, 26, 5, 19, 18, 32, 39, 11, 16, 20, 21, 13, 24, 28, 12, 23, 37, 1]
----------------------------------------------------------------------------------
Temps d'exécution :0:00:04.471080
Les paramètres: 
La plaquette: [0, 2, 4, 6, 8, 10, 12, 14, 16, 18, 20, 22, 24, 26, 28, 30, 32, 34, 36, 38, 1, 3, 5, 7, 9, 11, 13, 15, 17, 19, 21, 23, 25, 27, 29, 31, 33, 35, 37, 39], Nombre de pas: 1000*10=10000
Résultat du lancement de l'algo: 
Fitness obtenue: 3708830 après 565 pas
Nombre de fitness calculé en tout: 10000
Placement pour chaque équipement obtenu: [39, 32, 25, 34, 4, 31, 38, 19, 26, 37, 21, 35, 0, 2, 18, 14, 5, 30, 27, 13, 29, 3, 7, 1, 9, 17, 8, 11, 36, 12, 33, 16, 28, 24, 15, 20, 10, 22, 6, 23]
----------------------------------------------------------------------------------
Temps d'exécution :0:00:00.438826
Les paramètres: 
La plaquette: [0, 1, 2, 3, 4, 5, 6, 7, 8, 9, 10, 11, 12, 13, 14, 15, 16, 17, 18, 19, 20, 21, 22, 23, 24, 25, 26, 27, 28, 29, 30, 31, 32, 33, 34, 35, 36, 37, 38, 39], Nombre de pas: 10*100=1000
Résultat du lancement de l'algo: 
Fitness obtenue: 3712010 après 157 pas
Nombre de fitness calculé en tout: 1000
Placement pour chaque équipement obtenu: [14, 23, 27, 35, 38, 8, 32, 24, 15, 31, 9, 19, 34, 20, 22, 16, 30, 12, 21, 7, 33, 3, 39, 18, 13, 36, 17, 10, 1, 4, 28, 29, 11, 26, 5, 2, 6, 25, 0, 37]
----------------------------------------------------------------------------------
Temps d'exécution :0:00:00.443813
Les paramètres: 
La plaquette: [39, 38, 37, 36, 35, 34, 33, 32, 31, 30, 29, 28, 27, 26, 25, 24, 23, 22, 21, 20, 19, 18, 17, 16, 15, 14, 13, 12, 11, 10, 9, 8, 7, 6, 5, 4, 3, 2, 1, 0], Nombre de pas: 10*100=1000
Résultat du lancement de l'algo: 
Fitness obtenue: 3679552 après 852 pas
Nombre de fitness calculé en tout: 1000
Placement pour chaque équipement obtenu: [2, 4, 15, 23, 5, 7, 16, 17, 36, 8, 31, 39, 14, 32, 11, 28, 24, 13, 6, 19, 29, 34, 0, 25, 30, 10, 38, 27, 18, 1, 33, 35, 20, 12, 21, 9, 3, 37, 22, 26]
----------------------------------------------------------------------------------
Temps d'exécution :0:00:00.449797
Les paramètres: 
La plaquette: [0, 2, 4, 6, 8, 10, 12, 14, 16, 18, 20, 22, 24, 26, 28, 30, 32, 34, 36, 38, 1, 3, 5, 7, 9, 11, 13, 15, 17, 19, 21, 23, 25, 27, 29, 31, 33, 35, 37, 39], Nombre de pas: 10*100=1000
Résultat du lancement de l'algo: 
Fitness obtenue: 3705146 après 529 pas
Nombre de fitness calculé en tout: 1000
Placement pour chaque équipement obtenu: [0, 34, 30, 38, 2, 5, 25, 19, 7, 1, 12, 21, 35, 27, 32, 14, 15, 22, 31, 33, 6, 36, 18, 11, 28, 24, 16, 17, 26, 13, 20, 4, 29, 3, 8, 9, 23, 37, 39, 10]
----------------------------------------------------------------------------------
Temps d'exécution :0:00:04.581775
Les paramètres: 
La plaquette: [0, 1, 2, 3, 4, 5, 6, 7, 8, 9, 10, 11, 12, 13, 14, 15, 16, 17, 18, 19, 20, 21, 22, 23, 24, 25, 26, 27, 28, 29, 30, 31, 32, 33, 34, 35, 36, 37, 38, 39], Nombre de pas: 100*100=10000
Résultat du lancement de l'algo: 
Fitness obtenue: 3639432 après 1132 pas
Nombre de fitness calculé en tout: 10000
Placement pour chaque équipement obtenu: [28, 22, 0, 36, 27, 37, 15, 9, 34, 33, 20, 19, 24, 30, 39, 11, 10, 8, 12, 6, 23, 35, 14, 18, 26, 38, 5, 2, 25, 21, 4, 29, 32, 1, 3, 13, 7, 31, 16, 17]
----------------------------------------------------------------------------------
Temps d'exécution :0:00:04.465055
Les paramètres: 
La plaquette: [39, 38, 37, 36, 35, 34, 33, 32, 31, 30, 29, 28, 27, 26, 25, 24, 23, 22, 21, 20, 19, 18, 17, 16, 15, 14, 13, 12, 11, 10, 9, 8, 7, 6, 5, 4, 3, 2, 1, 0], Nombre de pas: 100*100=10000
Résultat du lancement de l'algo: 
Fitness obtenue: 3665750 après 9030 pas
Nombre de fitness calculé en tout: 10000
Placement pour chaque équipement obtenu: [36, 20, 1, 37, 10, 34, 9, 22, 21, 12, 26, 24, 28, 27, 14, 23, 29, 39, 7, 35, 16, 17, 8, 5, 4, 15, 0, 30, 11, 6, 33, 3, 25, 19, 32, 38, 2, 18, 31, 13]
----------------------------------------------------------------------------------
Temps d'exécution :0:00:04.539855
Les paramètres: 
La plaquette: [0, 2, 4, 6, 8, 10, 12, 14, 16, 18, 20, 22, 24, 26, 28, 30, 32, 34, 36, 38, 1, 3, 5, 7, 9, 11, 13, 15, 17, 19, 21, 23, 25, 27, 29, 31, 33, 35, 37, 39], Nombre de pas: 100*100=10000
Résultat du lancement de l'algo: 
Fitness obtenue: 3671084 après 822 pas
Nombre de fitness calculé en tout: 10000
Placement pour chaque équipement obtenu: [3, 7, 11, 14, 34, 16, 23, 13, 4, 9, 18, 26, 0, 10, 20, 17, 2, 8, 30, 6, 33, 1, 36, 19, 32, 38, 35, 31, 29, 21, 28, 22, 5, 37, 39, 12, 24, 27, 25, 15]
----------------------------------------------------------------------------------
Temps d'exécution :0:00:45.531234
Les paramètres: 
La plaquette: [0, 1, 2, 3, 4, 5, 6, 7, 8, 9, 10, 11, 12, 13, 14, 15, 16, 17, 18, 19, 20, 21, 22, 23, 24, 25, 26, 27, 28, 29, 30, 31, 32, 33, 34, 35, 36, 37, 38, 39], Nombre de pas: 1000*100=100000
Résultat du lancement de l'algo: 
Fitness obtenue: 3653192 après 26233 pas
Nombre de fitness calculé en tout: 100000
Placement pour chaque équipement obtenu: [11, 17, 35, 9, 5, 30, 15, 23, 34, 31, 0, 6, 19, 21, 1, 28, 22, 7, 27, 13, 33, 24, 37, 32, 12, 18, 25, 4, 3, 16, 20, 10, 39, 29, 36, 26, 2, 14, 38, 8]
----------------------------------------------------------------------------------
Temps d'exécution :0:00:45.151216
Les paramètres: 
La plaquette: [39, 38, 37, 36, 35, 34, 33, 32, 31, 30, 29, 28, 27, 26, 25, 24, 23, 22, 21, 20, 19, 18, 17, 16, 15, 14, 13, 12, 11, 10, 9, 8, 7, 6, 5, 4, 3, 2, 1, 0], Nombre de pas: 1000*100=100000
Résultat du lancement de l'algo: 
Fitness obtenue: 3651170 après 597 pas
Nombre de fitness calculé en tout: 100000
Placement pour chaque équipement obtenu: [23, 10, 31, 25, 30, 6, 16, 17, 32, 8, 35, 26, 11, 34, 21, 0, 14, 36, 2, 37, 12, 24, 29, 1, 27, 13, 15, 7, 5, 20, 3, 28, 18, 39, 38, 19, 4, 22, 9, 33]
----------------------------------------------------------------------------------
Temps d'exécution :0:00:45.130238
Les paramètres: 
La plaquette: [0, 2, 4, 6, 8, 10, 12, 14, 16, 18, 20, 22, 24, 26, 28, 30, 32, 34, 36, 38, 1, 3, 5, 7, 9, 11, 13, 15, 17, 19, 21, 23, 25, 27, 29, 31, 33, 35, 37, 39], Nombre de pas: 1000*100=100000
Résultat du lancement de l'algo: 
Fitness obtenue: 3637798 après 14574 pas
Nombre de fitness calculé en tout: 100000
Placement pour chaque équipement obtenu: [20, 23, 39, 30, 1, 16, 15, 17, 38, 24, 10, 13, 22, 35, 25, 32, 2, 12, 28, 26, 4, 34, 7, 31, 21, 14, 36, 11, 9, 29, 37, 6, 27, 0, 5, 18, 8, 19, 33, 3]
----------------------------------------------------------------------------------
Temps d'exécution :0:00:04.541850
Les paramètres: 
La plaquette: [0, 1, 2, 3, 4, 5, 6, 7, 8, 9, 10, 11, 12, 13, 14, 15, 16, 17, 18, 19, 20, 21, 22, 23, 24, 25, 26, 27, 28, 29, 30, 31, 32, 33, 34, 35, 36, 37, 38, 39], Nombre de pas: 10*1000=10000
Résultat du lancement de l'algo: 
Fitness obtenue: 3678040 après 8973 pas
Nombre de fitness calculé en tout: 10000
Placement pour chaque équipement obtenu: [28, 37, 15, 27, 36, 13, 1, 20, 11, 19, 25, 10, 17, 21, 0, 9, 30, 16, 2, 8, 5, 6, 26, 12, 32, 35, 34, 4, 7, 38, 23, 22, 24, 18, 31, 39, 29, 33, 3, 14]
----------------------------------------------------------------------------------
Temps d'exécution :0:00:04.491984
Les paramètres: 
La plaquette: [39, 38, 37, 36, 35, 34, 33, 32, 31, 30, 29, 28, 27, 26, 25, 24, 23, 22, 21, 20, 19, 18, 17, 16, 15, 14, 13, 12, 11, 10, 9, 8, 7, 6, 5, 4, 3, 2, 1, 0], Nombre de pas: 10*1000=10000
Résultat du lancement de l'algo: 
Fitness obtenue: 3685842 après 6827 pas
Nombre de fitness calculé en tout: 10000
Placement pour chaque équipement obtenu: [23, 33, 25, 7, 36, 1, 22, 32, 18, 34, 19, 5, 13, 24, 26, 9, 21, 0, 27, 2, 10, 16, 39, 29, 14, 30, 8, 20, 3, 28, 6, 15, 12, 11, 37, 17, 38, 4, 35, 31]
----------------------------------------------------------------------------------
Temps d'exécution :0:00:04.496970
Les paramètres: 
La plaquette: [0, 2, 4, 6, 8, 10, 12, 14, 16, 18, 20, 22, 24, 26, 28, 30, 32, 34, 36, 38, 1, 3, 5, 7, 9, 11, 13, 15, 17, 19, 21, 23, 25, 27, 29, 31, 33, 35, 37, 39], Nombre de pas: 10*1000=10000
Résultat du lancement de l'algo: 
Fitness obtenue: 3658494 après 7219 pas
Nombre de fitness calculé en tout: 10000
Placement pour chaque équipement obtenu: [38, 21, 27, 13, 37, 17, 16, 29, 12, 8, 2, 0, 7, 22, 31, 10, 23, 3, 36, 25, 33, 35, 20, 26, 14, 11, 39, 9, 5, 34, 4, 15, 24, 32, 28, 30, 18, 1, 6, 19]
----------------------------------------------------------------------------------
Temps d'exécution :0:00:45.177180
Les paramètres: 
La plaquette: [0, 1, 2, 3, 4, 5, 6, 7, 8, 9, 10, 11, 12, 13, 14, 15, 16, 17, 18, 19, 20, 21, 22, 23, 24, 25, 26, 27, 28, 29, 30, 31, 32, 33, 34, 35, 36, 37, 38, 39], Nombre de pas: 100*1000=100000
Résultat du lancement de l'algo: 
Fitness obtenue: 3627368 après 45615 pas
Nombre de fitness calculé en tout: 100000
Placement pour chaque équipement obtenu: [16, 1, 31, 7, 15, 37, 29, 28, 3, 24, 21, 17, 4, 27, 38, 34, 19, 13, 5, 33, 2, 18, 30, 12, 36, 8, 14, 26, 35, 10, 0, 23, 9, 25, 6, 11, 22, 20, 32, 39]
----------------------------------------------------------------------------------
Temps d'exécution :0:00:44.966677
Les paramètres: 
La plaquette: [39, 38, 37, 36, 35, 34, 33, 32, 31, 30, 29, 28, 27, 26, 25, 24, 23, 22, 21, 20, 19, 18, 17, 16, 15, 14, 13, 12, 11, 10, 9, 8, 7, 6, 5, 4, 3, 2, 1, 0], Nombre de pas: 100*1000=100000
Résultat du lancement de l'algo: 
Fitness obtenue: 3640580 après 79794 pas
Nombre de fitness calculé en tout: 100000
Placement pour chaque équipement obtenu: [39, 30, 3, 9, 13, 16, 20, 21, 14, 26, 24, 37, 36, 35, 27, 31, 0, 12, 4, 2, 1, 32, 18, 5, 28, 34, 23, 7, 29, 19, 22, 38, 33, 25, 10, 15, 11, 8, 6, 17]
----------------------------------------------------------------------------------
Temps d'exécution :0:00:45.036556
Les paramètres: 
La plaquette: [0, 2, 4, 6, 8, 10, 12, 14, 16, 18, 20, 22, 24, 26, 28, 30, 32, 34, 36, 38, 1, 3, 5, 7, 9, 11, 13, 15, 17, 19, 21, 23, 25, 27, 29, 31, 33, 35, 37, 39], Nombre de pas: 100*1000=100000
Résultat du lancement de l'algo: 
Fitness obtenue: 3638014 après 81154 pas
Nombre de fitness calculé en tout: 100000
Placement pour chaque équipement obtenu: [11, 5, 20, 37, 35, 26, 22, 13, 38, 36, 4, 30, 7, 16, 17, 14, 29, 25, 9, 15, 19, 18, 32, 23, 6, 33, 0, 10, 28, 21, 24, 2, 31, 27, 39, 12, 1, 34, 3, 8]
----------------------------------------------------------------------------------
Temps d'exécution :0:07:31.264834
Les paramètres: 
La plaquette: [0, 1, 2, 3, 4, 5, 6, 7, 8, 9, 10, 11, 12, 13, 14, 15, 16, 17, 18, 19, 20, 21, 22, 23, 24, 25, 26, 27, 28, 29, 30, 31, 32, 33, 34, 35, 36, 37, 38, 39], Nombre de pas: 1000*1000=1000000
Résultat du lancement de l'algo: 
Fitness obtenue: 3604060 après 121131 pas
Nombre de fitness calculé en tout: 1000000
Placement pour chaque équipement obtenu: [21, 6, 9, 23, 28, 17, 8, 18, 32, 13, 5, 1, 7, 27, 39, 30, 11, 29, 36, 15, 14, 20, 24, 22, 3, 38, 0, 31, 33, 34, 25, 16, 10, 35, 37, 19, 12, 26, 4, 2]
----------------------------------------------------------------------------------
Temps d'exécution :0:13:16.333021
Les paramètres: 
La plaquette: [39, 38, 37, 36, 35, 34, 33, 32, 31, 30, 29, 28, 27, 26, 25, 24, 23, 22, 21, 20, 19, 18, 17, 16, 15, 14, 13, 12, 11, 10, 9, 8, 7, 6, 5, 4, 3, 2, 1, 0], Nombre de pas: 1000*1000=1000000
Résultat du lancement de l'algo: 
Fitness obtenue: 3628792 après 162439 pas
Nombre de fitness calculé en tout: 1000000
Placement pour chaque équipement obtenu: [30, 20, 13, 26, 33, 23, 15, 14, 29, 31, 3, 24, 21, 9, 2, 32, 1, 35, 0, 5, 28, 27, 6, 25, 36, 19, 39, 34, 16, 12, 38, 18, 7, 4, 10, 22, 17, 11, 37, 8]
----------------------------------------------------------------------------------
Temps d'exécution :0:18:01.456902
Les paramètres: 
La plaquette: [0, 2, 4, 6, 8, 10, 12, 14, 16, 18, 20, 22, 24, 26, 28, 30, 32, 34, 36, 38, 1, 3, 5, 7, 9, 11, 13, 15, 17, 19, 21, 23, 25, 27, 29, 31, 33, 35, 37, 39], Nombre de pas: 1000*1000=1000000
Résultat du lancement de l'algo: 
Fitness obtenue: 3594210 après 146724 pas
Nombre de fitness calculé en tout: 1000000
Placement pour chaque équipement obtenu: [4, 25, 34, 14, 22, 15, 27, 38, 3, 13, 5, 24, 20, 32, 7, 29, 0, 9, 28, 10, 39, 2, 35, 11, 17, 16, 26, 21, 18, 8, 19, 6, 23, 37, 30, 31, 36, 1, 33, 12]
----------------------------------------------------------------------------------
Temps d'exécution :0:18:35.423975
Les paramètres: 
Itération: 10, Nombre de pas: 100*1000=100000
Résultat du lancement de l'algo: 
Fitness obtenue: 3631320 après 24608 pas
Nombre de fitness calculé en tout: 1000000
Placement pour chaque équipement obtenu: [22, 10, 15, 30, 19, 35, 37, 34, 7, 25, 26, 9, 33, 2, 18, 5, 38, 11, 31, 4, 20, 23, 1, 8, 6, 13, 28, 39, 36, 12, 17, 0, 16, 32, 29, 21, 24, 14, 3, 27]
----------------------------------------------------------------------------------
