Temps d'exécution :0:00:00.106383
Les paramètres: 
La plaquette: [0, 1, 2, 3, 4, 5, 6, 7, 8, 9, 10, 11, 12, 13, 14, 15, 16, 17, 18, 19, 20, 21, 22, 23, 24, 25, 26, 27, 28, 29, 30, 31, 32, 33, 34, 35, 36, 37, 38, 39, 40, 41, 42, 43, 44, 45, 46, 47, 48, 49, 50, 51, 52, 53, 54, 55, 56, 57, 58, 59], Nombre de pas: 10*10=100
Résultat du lancement de l'algo: 
Fitness obtenue: 8434368 après 24 pas
Nombre de fitness calculé en tout: 100
Placement pour chaque équipement obtenu: [21, 1, 2, 33, 55, 25, 6, 7, 28, 9, 10, 11, 12, 13, 14, 15, 16, 17, 23, 19, 43, 0, 18, 22, 24, 50, 26, 27, 54, 29, 5, 31, 32, 42, 34, 35, 36, 37, 4, 39, 40, 20, 3, 30, 44, 38, 46, 52, 48, 45, 41, 51, 47, 53, 8, 49, 56, 57, 58, 59]
----------------------------------------------------------------------------------
Temps d'exécution :0:00:00.107392
Les paramètres: 
La plaquette: [59, 58, 57, 56, 55, 54, 53, 52, 51, 50, 49, 48, 47, 46, 45, 44, 43, 42, 41, 40, 39, 38, 37, 36, 35, 34, 33, 32, 31, 30, 29, 28, 27, 26, 25, 24, 23, 22, 21, 20, 19, 18, 17, 16, 15, 14, 13, 12, 11, 10, 9, 8, 7, 6, 5, 4, 3, 2, 1, 0], Nombre de pas: 10*10=100
Résultat du lancement de l'algo: 
Fitness obtenue: 8469610 après 0 pas
Nombre de fitness calculé en tout: 100
Placement pour chaque équipement obtenu: [0, 1, 2, 3, 4, 5, 6, 7, 8, 9, 10, 11, 12, 13, 14, 15, 16, 17, 18, 19, 20, 21, 22, 23, 24, 25, 26, 27, 28, 29, 30, 31, 32, 33, 34, 35, 36, 37, 38, 39, 40, 41, 42, 43, 44, 45, 46, 47, 48, 49, 50, 51, 52, 53, 54, 55, 56, 57, 58, 59]
----------------------------------------------------------------------------------
Temps d'exécution :0:00:00.101502
Les paramètres: 
La plaquette: [0, 2, 4, 6, 8, 10, 12, 14, 16, 18, 20, 22, 24, 26, 28, 30, 32, 34, 36, 38, 40, 42, 44, 46, 48, 50, 52, 54, 56, 58, 1, 3, 5, 7, 9, 11, 13, 15, 17, 19, 21, 23, 25, 27, 29, 31, 33, 35, 37, 39, 41, 43, 45, 47, 49, 51, 53, 55, 57, 59], Nombre de pas: 10*10=100
Résultat du lancement de l'algo: 
Fitness obtenue: 8469610 après 0 pas
Nombre de fitness calculé en tout: 100
Placement pour chaque équipement obtenu: [0, 1, 2, 3, 4, 5, 6, 7, 8, 9, 10, 11, 12, 13, 14, 15, 16, 17, 18, 19, 20, 21, 22, 23, 24, 25, 26, 27, 28, 29, 30, 31, 32, 33, 34, 35, 36, 37, 38, 39, 40, 41, 42, 43, 44, 45, 46, 47, 48, 49, 50, 51, 52, 53, 54, 55, 56, 57, 58, 59]
----------------------------------------------------------------------------------
Temps d'exécution :0:00:00.991616
Les paramètres: 
La plaquette: [0, 1, 2, 3, 4, 5, 6, 7, 8, 9, 10, 11, 12, 13, 14, 15, 16, 17, 18, 19, 20, 21, 22, 23, 24, 25, 26, 27, 28, 29, 30, 31, 32, 33, 34, 35, 36, 37, 38, 39, 40, 41, 42, 43, 44, 45, 46, 47, 48, 49, 50, 51, 52, 53, 54, 55, 56, 57, 58, 59], Nombre de pas: 100*10=1000
Résultat du lancement de l'algo: 
Fitness obtenue: 8453352 après 16 pas
Nombre de fitness calculé en tout: 1000
Placement pour chaque équipement obtenu: [49, 57, 2, 3, 4, 5, 56, 7, 8, 9, 10, 11, 12, 13, 43, 15, 42, 17, 18, 19, 20, 46, 22, 25, 24, 23, 26, 27, 28, 29, 30, 31, 32, 33, 34, 35, 36, 37, 38, 39, 0, 41, 16, 14, 44, 45, 21, 47, 1, 40, 50, 51, 48, 53, 54, 55, 6, 52, 58, 59]
----------------------------------------------------------------------------------
Temps d'exécution :0:00:00.996495
Les paramètres: 
La plaquette: [59, 58, 57, 56, 55, 54, 53, 52, 51, 50, 49, 48, 47, 46, 45, 44, 43, 42, 41, 40, 39, 38, 37, 36, 35, 34, 33, 32, 31, 30, 29, 28, 27, 26, 25, 24, 23, 22, 21, 20, 19, 18, 17, 16, 15, 14, 13, 12, 11, 10, 9, 8, 7, 6, 5, 4, 3, 2, 1, 0], Nombre de pas: 100*10=1000
Résultat du lancement de l'algo: 
Fitness obtenue: 8450282 après 24 pas
Nombre de fitness calculé en tout: 1000
Placement pour chaque équipement obtenu: [0, 1, 2, 3, 50, 5, 34, 4, 46, 9, 10, 11, 58, 13, 26, 15, 38, 17, 18, 42, 55, 21, 7, 19, 24, 25, 14, 41, 22, 20, 30, 31, 32, 33, 6, 35, 36, 37, 59, 39, 40, 27, 8, 43, 44, 45, 23, 48, 47, 54, 28, 51, 52, 53, 49, 16, 56, 57, 12, 29]
----------------------------------------------------------------------------------
Temps d'exécution :0:00:00.994541
Les paramètres: 
La plaquette: [0, 2, 4, 6, 8, 10, 12, 14, 16, 18, 20, 22, 24, 26, 28, 30, 32, 34, 36, 38, 40, 42, 44, 46, 48, 50, 52, 54, 56, 58, 1, 3, 5, 7, 9, 11, 13, 15, 17, 19, 21, 23, 25, 27, 29, 31, 33, 35, 37, 39, 41, 43, 45, 47, 49, 51, 53, 55, 57, 59], Nombre de pas: 100*10=1000
Résultat du lancement de l'algo: 
Fitness obtenue: 8427018 après 195 pas
Nombre de fitness calculé en tout: 1000
Placement pour chaque équipement obtenu: [2, 52, 19, 51, 38, 16, 11, 23, 21, 29, 46, 34, 45, 6, 44, 54, 36, 56, 0, 35, 39, 13, 32, 9, 31, 33, 42, 12, 1, 50, 49, 4, 48, 7, 27, 20, 18, 37, 26, 24, 28, 10, 47, 30, 41, 14, 43, 5, 15, 3, 53, 40, 55, 59, 17, 8, 22, 58, 25, 57]
----------------------------------------------------------------------------------
Temps d'exécution :0:00:10.021557
Les paramètres: 
La plaquette: [0, 1, 2, 3, 4, 5, 6, 7, 8, 9, 10, 11, 12, 13, 14, 15, 16, 17, 18, 19, 20, 21, 22, 23, 24, 25, 26, 27, 28, 29, 30, 31, 32, 33, 34, 35, 36, 37, 38, 39, 40, 41, 42, 43, 44, 45, 46, 47, 48, 49, 50, 51, 52, 53, 54, 55, 56, 57, 58, 59], Nombre de pas: 1000*10=10000
Résultat du lancement de l'algo: 
Fitness obtenue: 8469610 après 0 pas
Nombre de fitness calculé en tout: 10000
Placement pour chaque équipement obtenu: [0, 1, 2, 3, 4, 5, 6, 7, 8, 9, 10, 11, 12, 13, 14, 15, 16, 17, 18, 19, 20, 21, 22, 23, 24, 25, 26, 27, 28, 29, 30, 31, 32, 33, 34, 35, 36, 37, 38, 39, 40, 41, 42, 43, 44, 45, 46, 47, 48, 49, 50, 51, 52, 53, 54, 55, 56, 57, 58, 59]
----------------------------------------------------------------------------------
Temps d'exécution :0:00:09.934657
Les paramètres: 
La plaquette: [59, 58, 57, 56, 55, 54, 53, 52, 51, 50, 49, 48, 47, 46, 45, 44, 43, 42, 41, 40, 39, 38, 37, 36, 35, 34, 33, 32, 31, 30, 29, 28, 27, 26, 25, 24, 23, 22, 21, 20, 19, 18, 17, 16, 15, 14, 13, 12, 11, 10, 9, 8, 7, 6, 5, 4, 3, 2, 1, 0], Nombre de pas: 1000*10=10000
Résultat du lancement de l'algo: 
Fitness obtenue: 8469610 après 0 pas
Nombre de fitness calculé en tout: 10000
Placement pour chaque équipement obtenu: [0, 1, 2, 3, 4, 5, 6, 7, 8, 9, 10, 11, 12, 13, 14, 15, 16, 17, 18, 19, 20, 21, 22, 23, 24, 25, 26, 27, 28, 29, 30, 31, 32, 33, 34, 35, 36, 37, 38, 39, 40, 41, 42, 43, 44, 45, 46, 47, 48, 49, 50, 51, 52, 53, 54, 55, 56, 57, 58, 59]
----------------------------------------------------------------------------------
Temps d'exécution :0:00:10.055725
Les paramètres: 
La plaquette: [0, 2, 4, 6, 8, 10, 12, 14, 16, 18, 20, 22, 24, 26, 28, 30, 32, 34, 36, 38, 40, 42, 44, 46, 48, 50, 52, 54, 56, 58, 1, 3, 5, 7, 9, 11, 13, 15, 17, 19, 21, 23, 25, 27, 29, 31, 33, 35, 37, 39, 41, 43, 45, 47, 49, 51, 53, 55, 57, 59], Nombre de pas: 1000*10=10000
Résultat du lancement de l'algo: 
Fitness obtenue: 8469610 après 0 pas
Nombre de fitness calculé en tout: 10000
Placement pour chaque équipement obtenu: [0, 1, 2, 3, 4, 5, 6, 7, 8, 9, 10, 11, 12, 13, 14, 15, 16, 17, 18, 19, 20, 21, 22, 23, 24, 25, 26, 27, 28, 29, 30, 31, 32, 33, 34, 35, 36, 37, 38, 39, 40, 41, 42, 43, 44, 45, 46, 47, 48, 49, 50, 51, 52, 53, 54, 55, 56, 57, 58, 59]
----------------------------------------------------------------------------------
Temps d'exécution :0:00:01.004793
Les paramètres: 
La plaquette: [0, 1, 2, 3, 4, 5, 6, 7, 8, 9, 10, 11, 12, 13, 14, 15, 16, 17, 18, 19, 20, 21, 22, 23, 24, 25, 26, 27, 28, 29, 30, 31, 32, 33, 34, 35, 36, 37, 38, 39, 40, 41, 42, 43, 44, 45, 46, 47, 48, 49, 50, 51, 52, 53, 54, 55, 56, 57, 58, 59], Nombre de pas: 10*100=1000
Résultat du lancement de l'algo: 
Fitness obtenue: 8384268 après 897 pas
Nombre de fitness calculé en tout: 1000
Placement pour chaque équipement obtenu: [4, 59, 1, 48, 37, 31, 14, 50, 56, 53, 17, 54, 43, 16, 58, 45, 7, 13, 41, 42, 24, 5, 29, 47, 12, 28, 25, 40, 23, 8, 39, 2, 9, 49, 32, 11, 15, 57, 30, 6, 22, 3, 36, 51, 44, 46, 52, 19, 27, 35, 33, 21, 18, 34, 55, 38, 10, 26, 20, 0]
----------------------------------------------------------------------------------
Temps d'exécution :0:00:01.016397
Les paramètres: 
La plaquette: [59, 58, 57, 56, 55, 54, 53, 52, 51, 50, 49, 48, 47, 46, 45, 44, 43, 42, 41, 40, 39, 38, 37, 36, 35, 34, 33, 32, 31, 30, 29, 28, 27, 26, 25, 24, 23, 22, 21, 20, 19, 18, 17, 16, 15, 14, 13, 12, 11, 10, 9, 8, 7, 6, 5, 4, 3, 2, 1, 0], Nombre de pas: 10*100=1000
Résultat du lancement de l'algo: 
Fitness obtenue: 8437694 après 13 pas
Nombre de fitness calculé en tout: 1000
Placement pour chaque équipement obtenu: [0, 1, 23, 3, 44, 5, 12, 7, 8, 9, 19, 46, 6, 13, 14, 32, 4, 17, 18, 45, 20, 58, 22, 2, 24, 25, 26, 27, 28, 29, 30, 31, 15, 49, 34, 35, 36, 37, 38, 39, 40, 41, 42, 43, 16, 10, 11, 47, 48, 33, 50, 51, 52, 53, 54, 55, 56, 57, 21, 59]
----------------------------------------------------------------------------------
Temps d'exécution :0:00:01.019414
Les paramètres: 
La plaquette: [0, 2, 4, 6, 8, 10, 12, 14, 16, 18, 20, 22, 24, 26, 28, 30, 32, 34, 36, 38, 40, 42, 44, 46, 48, 50, 52, 54, 56, 58, 1, 3, 5, 7, 9, 11, 13, 15, 17, 19, 21, 23, 25, 27, 29, 31, 33, 35, 37, 39, 41, 43, 45, 47, 49, 51, 53, 55, 57, 59], Nombre de pas: 10*100=1000
Résultat du lancement de l'algo: 
Fitness obtenue: 8426226 après 133 pas
Nombre de fitness calculé en tout: 1000
Placement pour chaque équipement obtenu: [0, 4, 15, 56, 29, 5, 23, 49, 45, 16, 11, 22, 25, 42, 8, 55, 21, 39, 18, 40, 51, 3, 37, 46, 38, 17, 57, 36, 50, 59, 19, 35, 58, 27, 12, 7, 43, 1, 14, 48, 6, 47, 34, 31, 24, 41, 33, 30, 9, 28, 52, 20, 53, 13, 10, 26, 54, 44, 32, 2]
----------------------------------------------------------------------------------
Temps d'exécution :0:00:09.983711
Les paramètres: 
La plaquette: [0, 1, 2, 3, 4, 5, 6, 7, 8, 9, 10, 11, 12, 13, 14, 15, 16, 17, 18, 19, 20, 21, 22, 23, 24, 25, 26, 27, 28, 29, 30, 31, 32, 33, 34, 35, 36, 37, 38, 39, 40, 41, 42, 43, 44, 45, 46, 47, 48, 49, 50, 51, 52, 53, 54, 55, 56, 57, 58, 59], Nombre de pas: 100*100=10000
Résultat du lancement de l'algo: 
Fitness obtenue: 8401442 après 3146 pas
Nombre de fitness calculé en tout: 10000
Placement pour chaque équipement obtenu: [27, 8, 51, 28, 54, 42, 21, 4, 58, 47, 33, 38, 44, 15, 7, 3, 11, 59, 22, 45, 35, 19, 26, 17, 13, 37, 2, 32, 55, 43, 46, 12, 16, 18, 57, 39, 1, 14, 31, 20, 36, 25, 48, 30, 23, 40, 50, 29, 10, 6, 56, 52, 41, 24, 34, 5, 0, 49, 53, 9]
----------------------------------------------------------------------------------
Temps d'exécution :0:00:09.883940
Les paramètres: 
La plaquette: [59, 58, 57, 56, 55, 54, 53, 52, 51, 50, 49, 48, 47, 46, 45, 44, 43, 42, 41, 40, 39, 38, 37, 36, 35, 34, 33, 32, 31, 30, 29, 28, 27, 26, 25, 24, 23, 22, 21, 20, 19, 18, 17, 16, 15, 14, 13, 12, 11, 10, 9, 8, 7, 6, 5, 4, 3, 2, 1, 0], Nombre de pas: 100*100=10000
Résultat du lancement de l'algo: 
Fitness obtenue: 8410454 après 9 pas
Nombre de fitness calculé en tout: 10000
Placement pour chaque équipement obtenu: [0, 1, 2, 3, 51, 54, 6, 7, 8, 9, 10, 17, 12, 13, 16, 15, 14, 4, 18, 19, 20, 21, 22, 23, 24, 25, 26, 27, 28, 29, 30, 31, 32, 37, 34, 35, 36, 11, 38, 39, 40, 41, 42, 43, 44, 45, 46, 47, 48, 49, 50, 33, 5, 53, 52, 55, 56, 57, 58, 59]
----------------------------------------------------------------------------------
Temps d'exécution :0:00:09.980529
Les paramètres: 
La plaquette: [0, 2, 4, 6, 8, 10, 12, 14, 16, 18, 20, 22, 24, 26, 28, 30, 32, 34, 36, 38, 40, 42, 44, 46, 48, 50, 52, 54, 56, 58, 1, 3, 5, 7, 9, 11, 13, 15, 17, 19, 21, 23, 25, 27, 29, 31, 33, 35, 37, 39, 41, 43, 45, 47, 49, 51, 53, 55, 57, 59], Nombre de pas: 100*100=10000
Résultat du lancement de l'algo: 
Fitness obtenue: 8393920 après 914 pas
Nombre de fitness calculé en tout: 10000
Placement pour chaque équipement obtenu: [21, 12, 1, 30, 17, 23, 38, 34, 42, 4, 10, 44, 49, 31, 13, 40, 47, 35, 39, 32, 0, 33, 22, 45, 56, 46, 24, 55, 15, 2, 7, 16, 58, 19, 25, 3, 27, 50, 28, 51, 53, 11, 20, 9, 26, 6, 48, 59, 29, 57, 18, 36, 43, 54, 5, 8, 37, 52, 41, 14]
----------------------------------------------------------------------------------
Temps d'exécution :0:01:39.102622
Les paramètres: 
La plaquette: [0, 1, 2, 3, 4, 5, 6, 7, 8, 9, 10, 11, 12, 13, 14, 15, 16, 17, 18, 19, 20, 21, 22, 23, 24, 25, 26, 27, 28, 29, 30, 31, 32, 33, 34, 35, 36, 37, 38, 39, 40, 41, 42, 43, 44, 45, 46, 47, 48, 49, 50, 51, 52, 53, 54, 55, 56, 57, 58, 59], Nombre de pas: 1000*100=100000
Résultat du lancement de l'algo: 
Fitness obtenue: 8244114 après 1212 pas
Nombre de fitness calculé en tout: 100000
Placement pour chaque équipement obtenu: [7, 43, 11, 54, 31, 17, 58, 23, 40, 52, 26, 27, 19, 20, 34, 42, 12, 48, 6, 3, 24, 30, 44, 1, 22, 32, 47, 35, 15, 46, 9, 2, 37, 53, 59, 50, 55, 33, 14, 56, 5, 18, 57, 28, 39, 51, 49, 29, 21, 13, 38, 8, 25, 41, 0, 16, 4, 10, 36, 45]
----------------------------------------------------------------------------------
Temps d'exécution :0:01:39.535570
Les paramètres: 
La plaquette: [59, 58, 57, 56, 55, 54, 53, 52, 51, 50, 49, 48, 47, 46, 45, 44, 43, 42, 41, 40, 39, 38, 37, 36, 35, 34, 33, 32, 31, 30, 29, 28, 27, 26, 25, 24, 23, 22, 21, 20, 19, 18, 17, 16, 15, 14, 13, 12, 11, 10, 9, 8, 7, 6, 5, 4, 3, 2, 1, 0], Nombre de pas: 1000*100=100000
Résultat du lancement de l'algo: 
Fitness obtenue: 8413130 après 318 pas
Nombre de fitness calculé en tout: 100000
Placement pour chaque équipement obtenu: [48, 46, 18, 30, 32, 20, 4, 22, 15, 0, 58, 49, 9, 34, 39, 35, 24, 16, 7, 14, 6, 44, 37, 50, 41, 10, 55, 25, 42, 2, 26, 21, 19, 45, 31, 47, 57, 27, 13, 40, 11, 8, 5, 53, 36, 1, 28, 29, 23, 43, 54, 59, 33, 38, 51, 12, 17, 3, 56, 52]
----------------------------------------------------------------------------------
Temps d'exécution :0:01:39.170224
Les paramètres: 
La plaquette: [0, 2, 4, 6, 8, 10, 12, 14, 16, 18, 20, 22, 24, 26, 28, 30, 32, 34, 36, 38, 40, 42, 44, 46, 48, 50, 52, 54, 56, 58, 1, 3, 5, 7, 9, 11, 13, 15, 17, 19, 21, 23, 25, 27, 29, 31, 33, 35, 37, 39, 41, 43, 45, 47, 49, 51, 53, 55, 57, 59], Nombre de pas: 1000*100=100000
Résultat du lancement de l'algo: 
Fitness obtenue: 8402274 après 2637 pas
Nombre de fitness calculé en tout: 100000
Placement pour chaque équipement obtenu: [1, 46, 42, 48, 24, 32, 10, 58, 36, 3, 30, 4, 40, 53, 51, 11, 57, 18, 44, 29, 38, 55, 56, 31, 39, 16, 7, 9, 21, 28, 13, 52, 2, 19, 49, 12, 26, 8, 35, 54, 41, 20, 37, 5, 50, 14, 0, 47, 23, 6, 34, 33, 22, 45, 15, 25, 43, 59, 17, 27]
----------------------------------------------------------------------------------
Temps d'exécution :0:00:09.910326
Les paramètres: 
La plaquette: [0, 1, 2, 3, 4, 5, 6, 7, 8, 9, 10, 11, 12, 13, 14, 15, 16, 17, 18, 19, 20, 21, 22, 23, 24, 25, 26, 27, 28, 29, 30, 31, 32, 33, 34, 35, 36, 37, 38, 39, 40, 41, 42, 43, 44, 45, 46, 47, 48, 49, 50, 51, 52, 53, 54, 55, 56, 57, 58, 59], Nombre de pas: 10*1000=10000
Résultat du lancement de l'algo: 
Fitness obtenue: 8407050 après 4008 pas
Nombre de fitness calculé en tout: 10000
Placement pour chaque équipement obtenu: [15, 48, 42, 13, 43, 24, 11, 33, 21, 2, 39, 23, 54, 10, 40, 22, 49, 3, 9, 6, 14, 19, 52, 55, 26, 41, 28, 50, 8, 5, 59, 34, 31, 47, 17, 30, 18, 32, 4, 35, 53, 7, 0, 44, 16, 45, 38, 1, 29, 37, 57, 20, 58, 25, 56, 51, 12, 36, 27, 46]
----------------------------------------------------------------------------------
Temps d'exécution :0:00:09.826355
Les paramètres: 
La plaquette: [59, 58, 57, 56, 55, 54, 53, 52, 51, 50, 49, 48, 47, 46, 45, 44, 43, 42, 41, 40, 39, 38, 37, 36, 35, 34, 33, 32, 31, 30, 29, 28, 27, 26, 25, 24, 23, 22, 21, 20, 19, 18, 17, 16, 15, 14, 13, 12, 11, 10, 9, 8, 7, 6, 5, 4, 3, 2, 1, 0], Nombre de pas: 10*1000=10000
Résultat du lancement de l'algo: 
Fitness obtenue: 8410400 après 6990 pas
Nombre de fitness calculé en tout: 10000
Placement pour chaque équipement obtenu: [46, 24, 49, 41, 11, 5, 20, 27, 16, 21, 25, 45, 3, 33, 51, 38, 54, 34, 13, 31, 52, 6, 4, 30, 56, 37, 18, 12, 43, 35, 10, 32, 59, 48, 28, 36, 50, 19, 8, 7, 0, 2, 40, 39, 47, 57, 29, 42, 22, 14, 1, 58, 53, 15, 26, 9, 23, 44, 17, 55]
----------------------------------------------------------------------------------
Temps d'exécution :0:00:09.910258
Les paramètres: 
La plaquette: [0, 2, 4, 6, 8, 10, 12, 14, 16, 18, 20, 22, 24, 26, 28, 30, 32, 34, 36, 38, 40, 42, 44, 46, 48, 50, 52, 54, 56, 58, 1, 3, 5, 7, 9, 11, 13, 15, 17, 19, 21, 23, 25, 27, 29, 31, 33, 35, 37, 39, 41, 43, 45, 47, 49, 51, 53, 55, 57, 59], Nombre de pas: 10*1000=10000
Résultat du lancement de l'algo: 
Fitness obtenue: 8398052 après 1685 pas
Nombre de fitness calculé en tout: 10000
Placement pour chaque équipement obtenu: [26, 41, 19, 39, 0, 22, 48, 30, 27, 17, 54, 9, 15, 32, 52, 2, 49, 56, 5, 59, 12, 16, 21, 37, 36, 23, 55, 14, 6, 28, 40, 4, 46, 20, 31, 57, 43, 35, 33, 34, 51, 13, 29, 11, 10, 50, 42, 7, 53, 45, 47, 3, 1, 25, 44, 24, 38, 18, 58, 8]
----------------------------------------------------------------------------------
Temps d'exécution :0:01:38.764240
Les paramètres: 
La plaquette: [0, 1, 2, 3, 4, 5, 6, 7, 8, 9, 10, 11, 12, 13, 14, 15, 16, 17, 18, 19, 20, 21, 22, 23, 24, 25, 26, 27, 28, 29, 30, 31, 32, 33, 34, 35, 36, 37, 38, 39, 40, 41, 42, 43, 44, 45, 46, 47, 48, 49, 50, 51, 52, 53, 54, 55, 56, 57, 58, 59], Nombre de pas: 100*1000=100000
Résultat du lancement de l'algo: 
Fitness obtenue: 8371292 après 14425 pas
Nombre de fitness calculé en tout: 100000
Placement pour chaque équipement obtenu: [54, 56, 3, 38, 46, 35, 9, 49, 4, 55, 59, 43, 18, 45, 57, 23, 30, 40, 26, 53, 1, 17, 47, 29, 6, 21, 5, 24, 42, 10, 31, 50, 12, 41, 0, 20, 11, 2, 34, 19, 37, 51, 7, 39, 58, 25, 15, 36, 16, 28, 13, 32, 44, 52, 33, 8, 27, 22, 48, 14]
----------------------------------------------------------------------------------
Temps d'exécution :0:01:39.079523
Les paramètres: 
La plaquette: [59, 58, 57, 56, 55, 54, 53, 52, 51, 50, 49, 48, 47, 46, 45, 44, 43, 42, 41, 40, 39, 38, 37, 36, 35, 34, 33, 32, 31, 30, 29, 28, 27, 26, 25, 24, 23, 22, 21, 20, 19, 18, 17, 16, 15, 14, 13, 12, 11, 10, 9, 8, 7, 6, 5, 4, 3, 2, 1, 0], Nombre de pas: 100*1000=100000
Résultat du lancement de l'algo: 
Fitness obtenue: 8359904 après 32439 pas
Nombre de fitness calculé en tout: 100000
Placement pour chaque équipement obtenu: [47, 27, 9, 32, 13, 46, 38, 21, 59, 52, 17, 35, 42, 41, 22, 14, 19, 4, 34, 48, 28, 45, 51, 11, 58, 25, 23, 37, 24, 43, 5, 16, 10, 53, 39, 6, 3, 36, 12, 54, 31, 7, 20, 57, 29, 15, 56, 55, 40, 50, 0, 8, 26, 2, 44, 49, 33, 1, 18, 30]
----------------------------------------------------------------------------------
Temps d'exécution :0:01:38.699823
Les paramètres: 
La plaquette: [0, 2, 4, 6, 8, 10, 12, 14, 16, 18, 20, 22, 24, 26, 28, 30, 32, 34, 36, 38, 40, 42, 44, 46, 48, 50, 52, 54, 56, 58, 1, 3, 5, 7, 9, 11, 13, 15, 17, 19, 21, 23, 25, 27, 29, 31, 33, 35, 37, 39, 41, 43, 45, 47, 49, 51, 53, 55, 57, 59], Nombre de pas: 100*1000=100000
Résultat du lancement de l'algo: 
Fitness obtenue: 8354288 après 2811 pas
Nombre de fitness calculé en tout: 100000
Placement pour chaque équipement obtenu: [11, 52, 24, 41, 3, 2, 44, 55, 17, 30, 25, 16, 7, 39, 4, 40, 48, 38, 53, 26, 22, 9, 45, 58, 54, 13, 47, 37, 10, 56, 35, 46, 50, 5, 32, 29, 31, 59, 1, 12, 18, 8, 21, 23, 15, 19, 51, 28, 14, 36, 42, 0, 49, 43, 57, 27, 20, 6, 33, 34]
----------------------------------------------------------------------------------
Temps d'exécution :0:16:34.389294
Les paramètres: 
La plaquette: [0, 1, 2, 3, 4, 5, 6, 7, 8, 9, 10, 11, 12, 13, 14, 15, 16, 17, 18, 19, 20, 21, 22, 23, 24, 25, 26, 27, 28, 29, 30, 31, 32, 33, 34, 35, 36, 37, 38, 39, 40, 41, 42, 43, 44, 45, 46, 47, 48, 49, 50, 51, 52, 53, 54, 55, 56, 57, 58, 59], Nombre de pas: 1000*1000=1000000
Résultat du lancement de l'algo: 
Fitness obtenue: 8378916 après 7030 pas
Nombre de fitness calculé en tout: 1000000
Placement pour chaque équipement obtenu: [44, 28, 11, 23, 12, 45, 14, 56, 34, 53, 5, 20, 29, 25, 47, 46, 2, 22, 37, 30, 27, 43, 32, 33, 31, 49, 52, 41, 38, 21, 19, 54, 0, 40, 10, 7, 50, 15, 17, 57, 35, 39, 59, 48, 3, 26, 16, 1, 36, 13, 18, 9, 24, 51, 8, 42, 4, 58, 6, 55]
----------------------------------------------------------------------------------
Temps d'exécution :0:16:32.774950
Les paramètres: 
La plaquette: [59, 58, 57, 56, 55, 54, 53, 52, 51, 50, 49, 48, 47, 46, 45, 44, 43, 42, 41, 40, 39, 38, 37, 36, 35, 34, 33, 32, 31, 30, 29, 28, 27, 26, 25, 24, 23, 22, 21, 20, 19, 18, 17, 16, 15, 14, 13, 12, 11, 10, 9, 8, 7, 6, 5, 4, 3, 2, 1, 0], Nombre de pas: 1000*1000=1000000
Résultat du lancement de l'algo: 
Fitness obtenue: 8355188 après 16891 pas
Nombre de fitness calculé en tout: 1000000
Placement pour chaque équipement obtenu: [31, 51, 10, 32, 52, 12, 14, 57, 13, 47, 40, 54, 0, 39, 7, 25, 2, 56, 11, 22, 26, 43, 29, 27, 45, 36, 9, 4, 41, 16, 35, 53, 15, 44, 20, 58, 30, 28, 1, 5, 42, 19, 59, 37, 34, 38, 33, 21, 6, 18, 17, 8, 55, 49, 46, 23, 24, 3, 50, 48]
----------------------------------------------------------------------------------
Temps d'exécution :0:16:31.576568
Les paramètres: 
La plaquette: [0, 2, 4, 6, 8, 10, 12, 14, 16, 18, 20, 22, 24, 26, 28, 30, 32, 34, 36, 38, 40, 42, 44, 46, 48, 50, 52, 54, 56, 58, 1, 3, 5, 7, 9, 11, 13, 15, 17, 19, 21, 23, 25, 27, 29, 31, 33, 35, 37, 39, 41, 43, 45, 47, 49, 51, 53, 55, 57, 59], Nombre de pas: 1000*1000=1000000
Résultat du lancement de l'algo: 
Fitness obtenue: 8385290 après 1978 pas
Nombre de fitness calculé en tout: 1000000
Placement pour chaque équipement obtenu: [56, 58, 52, 35, 14, 30, 45, 5, 7, 42, 49, 32, 10, 26, 47, 57, 55, 38, 17, 4, 19, 54, 6, 1, 22, 13, 20, 41, 59, 51, 29, 0, 31, 44, 33, 24, 2, 8, 36, 40, 39, 50, 28, 46, 12, 9, 34, 3, 27, 23, 11, 21, 48, 25, 15, 37, 18, 43, 16, 53]
----------------------------------------------------------------------------------
Temps d'exécution :0:00:00.105408
Les paramètres: 
La plaquette: [0, 1, 2, 3, 4, 5, 6, 7, 8, 9, 10, 11, 12, 13, 14, 15, 16, 17, 18, 19, 20, 21, 22, 23, 24, 25, 26, 27, 28, 29, 30, 31, 32, 33, 34, 35, 36, 37, 38, 39, 40, 41, 42, 43, 44, 45, 46, 47, 48, 49, 50, 51, 52, 53, 54, 55, 56, 57, 58, 59], Nombre de pas: 10*10=100
Résultat du lancement de l'algo: 
Fitness obtenue: 8469610 après 0 pas
Nombre de fitness calculé en tout: 100
Placement pour chaque équipement obtenu: [0, 1, 2, 3, 4, 5, 6, 7, 8, 9, 10, 11, 12, 13, 14, 15, 16, 17, 18, 19, 20, 21, 22, 23, 24, 25, 26, 27, 28, 29, 30, 31, 32, 33, 34, 35, 36, 37, 38, 39, 40, 41, 42, 43, 44, 45, 46, 47, 48, 49, 50, 51, 52, 53, 54, 55, 56, 57, 58, 59]
----------------------------------------------------------------------------------
Temps d'exécution :0:00:00.098576
Les paramètres: 
La plaquette: [59, 58, 57, 56, 55, 54, 53, 52, 51, 50, 49, 48, 47, 46, 45, 44, 43, 42, 41, 40, 39, 38, 37, 36, 35, 34, 33, 32, 31, 30, 29, 28, 27, 26, 25, 24, 23, 22, 21, 20, 19, 18, 17, 16, 15, 14, 13, 12, 11, 10, 9, 8, 7, 6, 5, 4, 3, 2, 1, 0], Nombre de pas: 10*10=100
Résultat du lancement de l'algo: 
Fitness obtenue: 8469610 après 0 pas
Nombre de fitness calculé en tout: 100
Placement pour chaque équipement obtenu: [0, 1, 2, 3, 4, 5, 6, 7, 8, 9, 10, 11, 12, 13, 14, 15, 16, 17, 18, 19, 20, 21, 22, 23, 24, 25, 26, 27, 28, 29, 30, 31, 32, 33, 34, 35, 36, 37, 38, 39, 40, 41, 42, 43, 44, 45, 46, 47, 48, 49, 50, 51, 52, 53, 54, 55, 56, 57, 58, 59]
----------------------------------------------------------------------------------
Temps d'exécution :0:00:00.102480
Les paramètres: 
La plaquette: [0, 2, 4, 6, 8, 10, 12, 14, 16, 18, 20, 22, 24, 26, 28, 30, 32, 34, 36, 38, 40, 42, 44, 46, 48, 50, 52, 54, 56, 58, 1, 3, 5, 7, 9, 11, 13, 15, 17, 19, 21, 23, 25, 27, 29, 31, 33, 35, 37, 39, 41, 43, 45, 47, 49, 51, 53, 55, 57, 59], Nombre de pas: 10*10=100
Résultat du lancement de l'algo: 
Fitness obtenue: 8463902 après 5 pas
Nombre de fitness calculé en tout: 100
Placement pour chaque équipement obtenu: [0, 1, 2, 3, 4, 5, 6, 50, 8, 9, 17, 11, 12, 13, 14, 15, 16, 10, 18, 19, 20, 21, 22, 23, 24, 25, 26, 27, 28, 29, 30, 31, 32, 33, 34, 35, 36, 37, 38, 39, 57, 41, 42, 43, 44, 45, 52, 47, 48, 49, 7, 51, 46, 53, 54, 55, 56, 40, 58, 59]
----------------------------------------------------------------------------------
Temps d'exécution :0:00:00.991615
Les paramètres: 
La plaquette: [0, 1, 2, 3, 4, 5, 6, 7, 8, 9, 10, 11, 12, 13, 14, 15, 16, 17, 18, 19, 20, 21, 22, 23, 24, 25, 26, 27, 28, 29, 30, 31, 32, 33, 34, 35, 36, 37, 38, 39, 40, 41, 42, 43, 44, 45, 46, 47, 48, 49, 50, 51, 52, 53, 54, 55, 56, 57, 58, 59], Nombre de pas: 100*10=1000
Résultat du lancement de l'algo: 
Fitness obtenue: 8427984 après 355 pas
Nombre de fitness calculé en tout: 1000
Placement pour chaque équipement obtenu: [31, 53, 2, 46, 0, 12, 32, 45, 14, 21, 10, 49, 4, 59, 15, 20, 41, 38, 5, 30, 13, 28, 9, 42, 6, 17, 34, 36, 11, 51, 18, 50, 56, 24, 57, 26, 48, 54, 39, 55, 40, 43, 33, 52, 37, 58, 44, 25, 27, 22, 35, 8, 29, 16, 19, 23, 47, 1, 3, 7]
----------------------------------------------------------------------------------
Temps d'exécution :0:00:00.962335
Les paramètres: 
La plaquette: [59, 58, 57, 56, 55, 54, 53, 52, 51, 50, 49, 48, 47, 46, 45, 44, 43, 42, 41, 40, 39, 38, 37, 36, 35, 34, 33, 32, 31, 30, 29, 28, 27, 26, 25, 24, 23, 22, 21, 20, 19, 18, 17, 16, 15, 14, 13, 12, 11, 10, 9, 8, 7, 6, 5, 4, 3, 2, 1, 0], Nombre de pas: 100*10=1000
Résultat du lancement de l'algo: 
Fitness obtenue: 8428956 après 82 pas
Nombre de fitness calculé en tout: 1000
Placement pour chaque équipement obtenu: [50, 1, 3, 23, 52, 35, 6, 7, 16, 2, 48, 11, 47, 44, 42, 10, 55, 17, 26, 51, 19, 9, 20, 12, 34, 8, 39, 14, 25, 54, 24, 21, 28, 22, 59, 41, 36, 18, 30, 46, 13, 29, 5, 4, 37, 45, 27, 40, 31, 49, 0, 58, 56, 43, 32, 53, 38, 57, 33, 15]
----------------------------------------------------------------------------------
Temps d'exécution :0:00:00.980879
Les paramètres: 
La plaquette: [0, 2, 4, 6, 8, 10, 12, 14, 16, 18, 20, 22, 24, 26, 28, 30, 32, 34, 36, 38, 40, 42, 44, 46, 48, 50, 52, 54, 56, 58, 1, 3, 5, 7, 9, 11, 13, 15, 17, 19, 21, 23, 25, 27, 29, 31, 33, 35, 37, 39, 41, 43, 45, 47, 49, 51, 53, 55, 57, 59], Nombre de pas: 100*10=1000
Résultat du lancement de l'algo: 
Fitness obtenue: 8430678 après 744 pas
Nombre de fitness calculé en tout: 1000
Placement pour chaque équipement obtenu: [26, 29, 21, 45, 22, 16, 7, 48, 32, 47, 28, 38, 58, 49, 23, 40, 6, 36, 10, 13, 27, 46, 12, 5, 3, 24, 42, 1, 25, 34, 9, 31, 43, 52, 53, 39, 20, 17, 55, 54, 57, 11, 19, 56, 50, 37, 35, 51, 8, 4, 44, 0, 14, 41, 30, 33, 15, 18, 2, 59]
----------------------------------------------------------------------------------
Temps d'exécution :0:00:09.750261
Les paramètres: 
La plaquette: [0, 1, 2, 3, 4, 5, 6, 7, 8, 9, 10, 11, 12, 13, 14, 15, 16, 17, 18, 19, 20, 21, 22, 23, 24, 25, 26, 27, 28, 29, 30, 31, 32, 33, 34, 35, 36, 37, 38, 39, 40, 41, 42, 43, 44, 45, 46, 47, 48, 49, 50, 51, 52, 53, 54, 55, 56, 57, 58, 59], Nombre de pas: 1000*10=10000
Résultat du lancement de l'algo: 
Fitness obtenue: 8405192 après 3262 pas
Nombre de fitness calculé en tout: 10000
Placement pour chaque équipement obtenu: [52, 14, 16, 33, 9, 47, 10, 30, 26, 37, 32, 12, 42, 8, 57, 35, 17, 55, 49, 15, 53, 36, 18, 46, 41, 13, 0, 11, 51, 59, 56, 23, 34, 43, 27, 24, 38, 29, 3, 19, 1, 22, 58, 7, 28, 4, 25, 5, 50, 40, 21, 45, 54, 44, 2, 48, 31, 6, 20, 39]
----------------------------------------------------------------------------------
Temps d'exécution :0:00:09.970805
Les paramètres: 
La plaquette: [59, 58, 57, 56, 55, 54, 53, 52, 51, 50, 49, 48, 47, 46, 45, 44, 43, 42, 41, 40, 39, 38, 37, 36, 35, 34, 33, 32, 31, 30, 29, 28, 27, 26, 25, 24, 23, 22, 21, 20, 19, 18, 17, 16, 15, 14, 13, 12, 11, 10, 9, 8, 7, 6, 5, 4, 3, 2, 1, 0], Nombre de pas: 1000*10=10000
Résultat du lancement de l'algo: 
Fitness obtenue: 8402734 après 3768 pas
Nombre de fitness calculé en tout: 10000
Placement pour chaque équipement obtenu: [35, 41, 55, 30, 15, 58, 27, 2, 6, 38, 13, 0, 32, 42, 40, 44, 21, 22, 56, 7, 34, 50, 1, 17, 3, 45, 47, 11, 5, 52, 59, 26, 49, 39, 25, 57, 10, 4, 18, 48, 19, 53, 43, 31, 12, 23, 9, 20, 24, 14, 37, 51, 29, 36, 16, 46, 28, 8, 54, 33]
----------------------------------------------------------------------------------
Temps d'exécution :0:00:09.936642
Les paramètres: 
La plaquette: [0, 2, 4, 6, 8, 10, 12, 14, 16, 18, 20, 22, 24, 26, 28, 30, 32, 34, 36, 38, 40, 42, 44, 46, 48, 50, 52, 54, 56, 58, 1, 3, 5, 7, 9, 11, 13, 15, 17, 19, 21, 23, 25, 27, 29, 31, 33, 35, 37, 39, 41, 43, 45, 47, 49, 51, 53, 55, 57, 59], Nombre de pas: 1000*10=10000
Résultat du lancement de l'algo: 
Fitness obtenue: 8375908 après 490 pas
Nombre de fitness calculé en tout: 10000
Placement pour chaque équipement obtenu: [29, 40, 58, 16, 43, 12, 15, 33, 39, 44, 22, 41, 49, 17, 4, 18, 0, 20, 56, 25, 54, 2, 47, 13, 37, 46, 9, 53, 48, 59, 24, 50, 14, 32, 3, 27, 19, 8, 11, 36, 42, 52, 38, 23, 30, 51, 21, 6, 5, 34, 26, 45, 10, 31, 1, 28, 35, 55, 7, 57]
----------------------------------------------------------------------------------
Temps d'exécution :0:00:01.012106
Les paramètres: 
La plaquette: [0, 1, 2, 3, 4, 5, 6, 7, 8, 9, 10, 11, 12, 13, 14, 15, 16, 17, 18, 19, 20, 21, 22, 23, 24, 25, 26, 27, 28, 29, 30, 31, 32, 33, 34, 35, 36, 37, 38, 39, 40, 41, 42, 43, 44, 45, 46, 47, 48, 49, 50, 51, 52, 53, 54, 55, 56, 57, 58, 59], Nombre de pas: 10*100=1000
Résultat du lancement de l'algo: 
Fitness obtenue: 8410780 après 991 pas
Nombre de fitness calculé en tout: 1000
Placement pour chaque équipement obtenu: [57, 9, 25, 41, 18, 5, 19, 15, 45, 0, 55, 47, 29, 6, 20, 32, 34, 35, 42, 14, 51, 21, 48, 50, 2, 26, 36, 46, 53, 44, 56, 11, 52, 17, 58, 59, 40, 3, 30, 49, 54, 27, 23, 1, 7, 31, 39, 12, 22, 37, 33, 24, 43, 38, 28, 4, 13, 8, 10, 16]
----------------------------------------------------------------------------------
Temps d'exécution :0:00:00.980853
Les paramètres: 
La plaquette: [59, 58, 57, 56, 55, 54, 53, 52, 51, 50, 49, 48, 47, 46, 45, 44, 43, 42, 41, 40, 39, 38, 37, 36, 35, 34, 33, 32, 31, 30, 29, 28, 27, 26, 25, 24, 23, 22, 21, 20, 19, 18, 17, 16, 15, 14, 13, 12, 11, 10, 9, 8, 7, 6, 5, 4, 3, 2, 1, 0], Nombre de pas: 10*100=1000
Résultat du lancement de l'algo: 
Fitness obtenue: 8425406 après 180 pas
Nombre de fitness calculé en tout: 1000
Placement pour chaque équipement obtenu: [1, 37, 56, 35, 59, 13, 7, 2, 49, 6, 41, 48, 3, 8, 43, 38, 33, 5, 22, 15, 14, 0, 36, 12, 30, 50, 29, 58, 44, 47, 9, 28, 26, 21, 52, 18, 11, 46, 39, 31, 20, 40, 24, 54, 55, 32, 4, 16, 42, 51, 25, 10, 53, 27, 45, 17, 23, 57, 34, 19]
----------------------------------------------------------------------------------
Temps d'exécution :0:00:00.953550
Les paramètres: 
La plaquette: [0, 2, 4, 6, 8, 10, 12, 14, 16, 18, 20, 22, 24, 26, 28, 30, 32, 34, 36, 38, 40, 42, 44, 46, 48, 50, 52, 54, 56, 58, 1, 3, 5, 7, 9, 11, 13, 15, 17, 19, 21, 23, 25, 27, 29, 31, 33, 35, 37, 39, 41, 43, 45, 47, 49, 51, 53, 55, 57, 59], Nombre de pas: 10*100=1000
Résultat du lancement de l'algo: 
Fitness obtenue: 8401102 après 498 pas
Nombre de fitness calculé en tout: 1000
Placement pour chaque équipement obtenu: [44, 16, 40, 3, 34, 46, 57, 27, 17, 55, 20, 21, 14, 50, 30, 32, 5, 15, 58, 39, 0, 19, 13, 18, 49, 59, 47, 10, 41, 31, 8, 51, 42, 7, 12, 28, 1, 26, 23, 38, 53, 45, 43, 2, 11, 52, 36, 29, 37, 48, 9, 25, 56, 24, 33, 54, 4, 22, 35, 6]
----------------------------------------------------------------------------------
Temps d'exécution :0:00:09.707284
Les paramètres: 
La plaquette: [0, 1, 2, 3, 4, 5, 6, 7, 8, 9, 10, 11, 12, 13, 14, 15, 16, 17, 18, 19, 20, 21, 22, 23, 24, 25, 26, 27, 28, 29, 30, 31, 32, 33, 34, 35, 36, 37, 38, 39, 40, 41, 42, 43, 44, 45, 46, 47, 48, 49, 50, 51, 52, 53, 54, 55, 56, 57, 58, 59], Nombre de pas: 100*100=10000
Résultat du lancement de l'algo: 
Fitness obtenue: 8365284 après 7111 pas
Nombre de fitness calculé en tout: 10000
Placement pour chaque équipement obtenu: [26, 13, 11, 3, 56, 25, 51, 36, 7, 1, 21, 30, 5, 4, 57, 43, 59, 53, 32, 39, 35, 8, 28, 45, 29, 33, 16, 38, 27, 48, 31, 10, 23, 52, 41, 15, 17, 0, 34, 6, 55, 49, 40, 44, 22, 58, 54, 14, 20, 9, 2, 24, 46, 50, 37, 12, 47, 19, 18, 42]
----------------------------------------------------------------------------------
Temps d'exécution :0:00:09.817570
Les paramètres: 
La plaquette: [59, 58, 57, 56, 55, 54, 53, 52, 51, 50, 49, 48, 47, 46, 45, 44, 43, 42, 41, 40, 39, 38, 37, 36, 35, 34, 33, 32, 31, 30, 29, 28, 27, 26, 25, 24, 23, 22, 21, 20, 19, 18, 17, 16, 15, 14, 13, 12, 11, 10, 9, 8, 7, 6, 5, 4, 3, 2, 1, 0], Nombre de pas: 100*100=10000
Résultat du lancement de l'algo: 
Fitness obtenue: 8387746 après 4213 pas
Nombre de fitness calculé en tout: 10000
Placement pour chaque équipement obtenu: [24, 29, 6, 44, 1, 48, 52, 13, 3, 41, 50, 20, 38, 12, 32, 57, 34, 2, 23, 22, 49, 51, 4, 7, 33, 43, 35, 54, 31, 25, 39, 19, 18, 16, 10, 5, 55, 9, 47, 36, 28, 40, 30, 27, 45, 0, 56, 42, 59, 21, 17, 14, 58, 53, 37, 46, 26, 8, 15, 11]
----------------------------------------------------------------------------------
Temps d'exécution :0:00:09.775636
Les paramètres: 
La plaquette: [0, 2, 4, 6, 8, 10, 12, 14, 16, 18, 20, 22, 24, 26, 28, 30, 32, 34, 36, 38, 40, 42, 44, 46, 48, 50, 52, 54, 56, 58, 1, 3, 5, 7, 9, 11, 13, 15, 17, 19, 21, 23, 25, 27, 29, 31, 33, 35, 37, 39, 41, 43, 45, 47, 49, 51, 53, 55, 57, 59], Nombre de pas: 100*100=10000
Résultat du lancement de l'algo: 
Fitness obtenue: 8401120 après 33 pas
Nombre de fitness calculé en tout: 10000
Placement pour chaque équipement obtenu: [46, 54, 37, 3, 15, 43, 50, 7, 33, 9, 4, 11, 12, 22, 6, 34, 8, 17, 18, 19, 20, 21, 1, 14, 35, 58, 26, 27, 28, 29, 38, 47, 32, 55, 30, 0, 36, 42, 13, 39, 40, 41, 2, 24, 23, 45, 5, 31, 48, 49, 51, 44, 52, 53, 10, 25, 16, 57, 56, 59]
----------------------------------------------------------------------------------
Temps d'exécution :0:01:37.809681
Les paramètres: 
La plaquette: [0, 1, 2, 3, 4, 5, 6, 7, 8, 9, 10, 11, 12, 13, 14, 15, 16, 17, 18, 19, 20, 21, 22, 23, 24, 25, 26, 27, 28, 29, 30, 31, 32, 33, 34, 35, 36, 37, 38, 39, 40, 41, 42, 43, 44, 45, 46, 47, 48, 49, 50, 51, 52, 53, 54, 55, 56, 57, 58, 59], Nombre de pas: 1000*100=100000
Résultat du lancement de l'algo: 
Fitness obtenue: 8344264 après 4991 pas
Nombre de fitness calculé en tout: 100000
Placement pour chaque équipement obtenu: [10, 8, 22, 9, 49, 7, 11, 55, 18, 32, 40, 39, 23, 1, 34, 19, 13, 59, 26, 25, 6, 48, 29, 37, 15, 47, 35, 50, 17, 21, 3, 5, 38, 44, 28, 45, 57, 24, 12, 14, 51, 27, 20, 36, 56, 2, 46, 52, 31, 33, 42, 58, 54, 43, 30, 4, 0, 41, 16, 53]
----------------------------------------------------------------------------------
Temps d'exécution :0:01:38.003928
Les paramètres: 
La plaquette: [59, 58, 57, 56, 55, 54, 53, 52, 51, 50, 49, 48, 47, 46, 45, 44, 43, 42, 41, 40, 39, 38, 37, 36, 35, 34, 33, 32, 31, 30, 29, 28, 27, 26, 25, 24, 23, 22, 21, 20, 19, 18, 17, 16, 15, 14, 13, 12, 11, 10, 9, 8, 7, 6, 5, 4, 3, 2, 1, 0], Nombre de pas: 1000*100=100000
Résultat du lancement de l'algo: 
Fitness obtenue: 8365630 après 1787 pas
Nombre de fitness calculé en tout: 100000
Placement pour chaque équipement obtenu: [27, 38, 19, 34, 33, 13, 14, 36, 2, 46, 8, 20, 35, 49, 0, 37, 3, 58, 23, 39, 59, 50, 53, 6, 24, 25, 10, 55, 52, 31, 56, 43, 45, 44, 5, 11, 40, 47, 32, 54, 41, 42, 15, 18, 28, 48, 30, 12, 51, 21, 29, 57, 17, 26, 22, 9, 4, 7, 16, 1]
----------------------------------------------------------------------------------
Temps d'exécution :0:01:37.087474
Les paramètres: 
La plaquette: [0, 2, 4, 6, 8, 10, 12, 14, 16, 18, 20, 22, 24, 26, 28, 30, 32, 34, 36, 38, 40, 42, 44, 46, 48, 50, 52, 54, 56, 58, 1, 3, 5, 7, 9, 11, 13, 15, 17, 19, 21, 23, 25, 27, 29, 31, 33, 35, 37, 39, 41, 43, 45, 47, 49, 51, 53, 55, 57, 59], Nombre de pas: 1000*100=100000
Résultat du lancement de l'algo: 
Fitness obtenue: 8348792 après 6212 pas
Nombre de fitness calculé en tout: 100000
Placement pour chaque équipement obtenu: [26, 21, 57, 30, 29, 12, 19, 0, 46, 38, 27, 15, 8, 50, 7, 4, 22, 56, 9, 34, 58, 2, 52, 47, 11, 31, 28, 41, 49, 10, 6, 53, 23, 37, 45, 13, 24, 3, 43, 33, 32, 18, 35, 59, 51, 20, 48, 39, 54, 44, 14, 42, 16, 36, 40, 1, 5, 55, 17, 25]
----------------------------------------------------------------------------------
Temps d'exécution :0:00:09.656514
Les paramètres: 
La plaquette: [0, 1, 2, 3, 4, 5, 6, 7, 8, 9, 10, 11, 12, 13, 14, 15, 16, 17, 18, 19, 20, 21, 22, 23, 24, 25, 26, 27, 28, 29, 30, 31, 32, 33, 34, 35, 36, 37, 38, 39, 40, 41, 42, 43, 44, 45, 46, 47, 48, 49, 50, 51, 52, 53, 54, 55, 56, 57, 58, 59], Nombre de pas: 10*1000=10000
Résultat du lancement de l'algo: 
Fitness obtenue: 8384460 après 7972 pas
Nombre de fitness calculé en tout: 10000
Placement pour chaque équipement obtenu: [23, 54, 24, 56, 50, 36, 48, 29, 59, 39, 20, 55, 26, 1, 5, 32, 58, 8, 31, 38, 14, 0, 6, 41, 37, 45, 19, 16, 53, 2, 12, 52, 49, 11, 25, 9, 44, 18, 40, 7, 30, 22, 33, 51, 3, 28, 17, 4, 42, 47, 27, 43, 21, 35, 34, 46, 15, 57, 10, 13]
----------------------------------------------------------------------------------
Temps d'exécution :0:00:09.661411
Les paramètres: 
La plaquette: [59, 58, 57, 56, 55, 54, 53, 52, 51, 50, 49, 48, 47, 46, 45, 44, 43, 42, 41, 40, 39, 38, 37, 36, 35, 34, 33, 32, 31, 30, 29, 28, 27, 26, 25, 24, 23, 22, 21, 20, 19, 18, 17, 16, 15, 14, 13, 12, 11, 10, 9, 8, 7, 6, 5, 4, 3, 2, 1, 0], Nombre de pas: 10*1000=10000
Résultat du lancement de l'algo: 
Fitness obtenue: 8294104 après 2880 pas
Nombre de fitness calculé en tout: 10000
Placement pour chaque équipement obtenu: [40, 51, 52, 24, 35, 32, 59, 37, 50, 14, 56, 53, 17, 31, 8, 42, 2, 0, 38, 16, 58, 21, 54, 43, 30, 18, 26, 22, 10, 23, 3, 4, 11, 48, 5, 46, 20, 9, 33, 57, 55, 47, 12, 15, 34, 39, 45, 27, 44, 49, 28, 1, 19, 41, 6, 13, 29, 7, 36, 25]
----------------------------------------------------------------------------------
Temps d'exécution :0:00:09.683854
Les paramètres: 
La plaquette: [0, 2, 4, 6, 8, 10, 12, 14, 16, 18, 20, 22, 24, 26, 28, 30, 32, 34, 36, 38, 40, 42, 44, 46, 48, 50, 52, 54, 56, 58, 1, 3, 5, 7, 9, 11, 13, 15, 17, 19, 21, 23, 25, 27, 29, 31, 33, 35, 37, 39, 41, 43, 45, 47, 49, 51, 53, 55, 57, 59], Nombre de pas: 10*1000=10000
Résultat du lancement de l'algo: 
Fitness obtenue: 8347598 après 7573 pas
Nombre de fitness calculé en tout: 10000
Placement pour chaque équipement obtenu: [49, 41, 16, 27, 47, 56, 51, 29, 35, 9, 7, 38, 57, 8, 12, 19, 45, 25, 28, 53, 20, 22, 4, 3, 34, 32, 52, 54, 1, 0, 36, 44, 46, 24, 2, 13, 59, 6, 33, 15, 55, 26, 39, 23, 42, 17, 37, 21, 43, 30, 5, 50, 14, 58, 48, 10, 40, 11, 18, 31]
----------------------------------------------------------------------------------
Temps d'exécution :0:01:37.479826
Les paramètres: 
La plaquette: [0, 1, 2, 3, 4, 5, 6, 7, 8, 9, 10, 11, 12, 13, 14, 15, 16, 17, 18, 19, 20, 21, 22, 23, 24, 25, 26, 27, 28, 29, 30, 31, 32, 33, 34, 35, 36, 37, 38, 39, 40, 41, 42, 43, 44, 45, 46, 47, 48, 49, 50, 51, 52, 53, 54, 55, 56, 57, 58, 59], Nombre de pas: 100*1000=100000
Résultat du lancement de l'algo: 
Fitness obtenue: 8313506 après 52351 pas
Nombre de fitness calculé en tout: 100000
Placement pour chaque équipement obtenu: [22, 7, 34, 52, 9, 12, 4, 19, 29, 20, 6, 41, 50, 17, 57, 31, 42, 2, 56, 38, 30, 36, 24, 11, 35, 55, 27, 43, 1, 49, 58, 37, 26, 3, 21, 14, 51, 54, 10, 18, 25, 33, 44, 15, 0, 47, 23, 8, 45, 48, 28, 46, 39, 13, 32, 59, 40, 5, 53, 16]
----------------------------------------------------------------------------------
Temps d'exécution :0:01:38.660190
Les paramètres: 
La plaquette: [59, 58, 57, 56, 55, 54, 53, 52, 51, 50, 49, 48, 47, 46, 45, 44, 43, 42, 41, 40, 39, 38, 37, 36, 35, 34, 33, 32, 31, 30, 29, 28, 27, 26, 25, 24, 23, 22, 21, 20, 19, 18, 17, 16, 15, 14, 13, 12, 11, 10, 9, 8, 7, 6, 5, 4, 3, 2, 1, 0], Nombre de pas: 100*1000=100000
Résultat du lancement de l'algo: 
Fitness obtenue: 8348990 après 9604 pas
Nombre de fitness calculé en tout: 100000
Placement pour chaque équipement obtenu: [37, 27, 35, 40, 7, 34, 26, 31, 3, 50, 39, 12, 51, 59, 8, 2, 49, 38, 58, 47, 55, 32, 44, 33, 11, 22, 16, 54, 5, 45, 20, 46, 25, 6, 41, 18, 17, 52, 4, 14, 13, 53, 48, 24, 30, 9, 15, 43, 0, 56, 21, 1, 42, 23, 57, 10, 28, 29, 19, 36]
----------------------------------------------------------------------------------
Temps d'exécution :0:01:39.381482
Les paramètres: 
La plaquette: [0, 2, 4, 6, 8, 10, 12, 14, 16, 18, 20, 22, 24, 26, 28, 30, 32, 34, 36, 38, 40, 42, 44, 46, 48, 50, 52, 54, 56, 58, 1, 3, 5, 7, 9, 11, 13, 15, 17, 19, 21, 23, 25, 27, 29, 31, 33, 35, 37, 39, 41, 43, 45, 47, 49, 51, 53, 55, 57, 59], Nombre de pas: 100*1000=100000
Résultat du lancement de l'algo: 
Fitness obtenue: 8334046 après 7112 pas
Nombre de fitness calculé en tout: 100000
Placement pour chaque équipement obtenu: [35, 17, 42, 16, 51, 19, 18, 3, 15, 36, 7, 37, 22, 21, 50, 39, 5, 9, 47, 0, 26, 41, 34, 59, 25, 56, 14, 38, 53, 20, 27, 13, 6, 12, 48, 1, 45, 52, 33, 24, 10, 4, 28, 29, 23, 8, 30, 40, 58, 54, 44, 49, 11, 31, 57, 43, 32, 46, 55, 2]
----------------------------------------------------------------------------------
Temps d'exécution :0:16:31.348810
Les paramètres: 
La plaquette: [0, 1, 2, 3, 4, 5, 6, 7, 8, 9, 10, 11, 12, 13, 14, 15, 16, 17, 18, 19, 20, 21, 22, 23, 24, 25, 26, 27, 28, 29, 30, 31, 32, 33, 34, 35, 36, 37, 38, 39, 40, 41, 42, 43, 44, 45, 46, 47, 48, 49, 50, 51, 52, 53, 54, 55, 56, 57, 58, 59], Nombre de pas: 1000*1000=1000000
Résultat du lancement de l'algo: 
Fitness obtenue: 8341274 après 358536 pas
Nombre de fitness calculé en tout: 1000000
Placement pour chaque équipement obtenu: [6, 11, 27, 7, 4, 39, 14, 49, 53, 9, 10, 13, 2, 51, 57, 28, 1, 50, 24, 21, 20, 58, 43, 31, 15, 23, 5, 22, 30, 38, 46, 48, 54, 40, 0, 35, 37, 36, 34, 59, 47, 56, 3, 45, 29, 19, 18, 55, 32, 25, 26, 42, 52, 12, 41, 44, 8, 33, 16, 17]
----------------------------------------------------------------------------------
Temps d'exécution :0:16:33.965607
Les paramètres: 
La plaquette: [59, 58, 57, 56, 55, 54, 53, 52, 51, 50, 49, 48, 47, 46, 45, 44, 43, 42, 41, 40, 39, 38, 37, 36, 35, 34, 33, 32, 31, 30, 29, 28, 27, 26, 25, 24, 23, 22, 21, 20, 19, 18, 17, 16, 15, 14, 13, 12, 11, 10, 9, 8, 7, 6, 5, 4, 3, 2, 1, 0], Nombre de pas: 1000*1000=1000000
Résultat du lancement de l'algo: 
Fitness obtenue: 8333094 après 19867 pas
Nombre de fitness calculé en tout: 1000000
Placement pour chaque équipement obtenu: [58, 59, 23, 4, 43, 29, 57, 11, 5, 16, 3, 38, 39, 26, 44, 12, 50, 27, 28, 53, 37, 31, 48, 51, 13, 9, 20, 18, 25, 41, 36, 0, 2, 1, 54, 32, 47, 33, 7, 56, 10, 24, 17, 52, 55, 15, 35, 42, 30, 14, 40, 6, 45, 34, 19, 8, 21, 22, 49, 46]
----------------------------------------------------------------------------------
Temps d'exécution :0:16:30.825185
Les paramètres: 
La plaquette: [0, 2, 4, 6, 8, 10, 12, 14, 16, 18, 20, 22, 24, 26, 28, 30, 32, 34, 36, 38, 40, 42, 44, 46, 48, 50, 52, 54, 56, 58, 1, 3, 5, 7, 9, 11, 13, 15, 17, 19, 21, 23, 25, 27, 29, 31, 33, 35, 37, 39, 41, 43, 45, 47, 49, 51, 53, 55, 57, 59], Nombre de pas: 1000*1000=1000000
Résultat du lancement de l'algo: 
Fitness obtenue: 8286094 après 183654 pas
Nombre de fitness calculé en tout: 1000000
Placement pour chaque équipement obtenu: [22, 23, 37, 32, 48, 25, 28, 20, 19, 11, 29, 21, 55, 49, 44, 14, 7, 6, 27, 10, 56, 54, 16, 41, 47, 13, 31, 46, 1, 58, 9, 4, 0, 51, 2, 18, 52, 53, 17, 57, 38, 39, 15, 34, 59, 35, 43, 26, 5, 8, 33, 45, 40, 42, 24, 36, 30, 3, 12, 50]
----------------------------------------------------------------------------------
Temps d'exécution :0:00:00.109304
Les paramètres: 
La plaquette: [0, 1, 2, 3, 4, 5, 6, 7, 8, 9, 10, 11, 12, 13, 14, 15, 16, 17, 18, 19, 20, 21, 22, 23, 24, 25, 26, 27, 28, 29, 30, 31, 32, 33, 34, 35, 36, 37, 38, 39, 40, 41, 42, 43, 44, 45, 46, 47, 48, 49, 50, 51, 52, 53, 54, 55, 56, 57, 58, 59], Nombre de pas: 10*10=100
Résultat du lancement de l'algo: 
Fitness obtenue: 8469610 après 0 pas
Nombre de fitness calculé en tout: 100
Placement pour chaque équipement obtenu: [0, 1, 2, 3, 4, 5, 6, 7, 8, 9, 10, 11, 12, 13, 14, 15, 16, 17, 18, 19, 20, 21, 22, 23, 24, 25, 26, 27, 28, 29, 30, 31, 32, 33, 34, 35, 36, 37, 38, 39, 40, 41, 42, 43, 44, 45, 46, 47, 48, 49, 50, 51, 52, 53, 54, 55, 56, 57, 58, 59]
----------------------------------------------------------------------------------
Temps d'exécution :0:00:00.101511
Les paramètres: 
La plaquette: [59, 58, 57, 56, 55, 54, 53, 52, 51, 50, 49, 48, 47, 46, 45, 44, 43, 42, 41, 40, 39, 38, 37, 36, 35, 34, 33, 32, 31, 30, 29, 28, 27, 26, 25, 24, 23, 22, 21, 20, 19, 18, 17, 16, 15, 14, 13, 12, 11, 10, 9, 8, 7, 6, 5, 4, 3, 2, 1, 0], Nombre de pas: 10*10=100
Résultat du lancement de l'algo: 
Fitness obtenue: 8467182 après 21 pas
Nombre de fitness calculé en tout: 100
Placement pour chaque équipement obtenu: [16, 1, 27, 3, 26, 5, 39, 29, 53, 45, 10, 28, 23, 13, 14, 15, 18, 57, 6, 19, 32, 21, 20, 12, 24, 25, 7, 2, 11, 4, 0, 47, 46, 33, 34, 35, 36, 37, 38, 30, 40, 41, 42, 43, 44, 56, 22, 31, 48, 49, 50, 51, 52, 8, 54, 55, 9, 17, 58, 59]
----------------------------------------------------------------------------------
Temps d'exécution :0:00:00.099566
Les paramètres: 
La plaquette: [0, 2, 4, 6, 8, 10, 12, 14, 16, 18, 20, 22, 24, 26, 28, 30, 32, 34, 36, 38, 40, 42, 44, 46, 48, 50, 52, 54, 56, 58, 1, 3, 5, 7, 9, 11, 13, 15, 17, 19, 21, 23, 25, 27, 29, 31, 33, 35, 37, 39, 41, 43, 45, 47, 49, 51, 53, 55, 57, 59], Nombre de pas: 10*10=100
Résultat du lancement de l'algo: 
Fitness obtenue: 8453750 après 5 pas
Nombre de fitness calculé en tout: 100
Placement pour chaque équipement obtenu: [41, 1, 2, 3, 22, 5, 6, 7, 8, 9, 10, 11, 12, 13, 14, 15, 16, 17, 38, 19, 20, 21, 47, 23, 24, 25, 26, 27, 28, 29, 30, 31, 32, 33, 34, 35, 36, 37, 18, 39, 42, 0, 40, 43, 44, 45, 46, 4, 48, 49, 50, 51, 52, 53, 54, 55, 56, 57, 58, 59]
----------------------------------------------------------------------------------
Temps d'exécution :0:00:00.982796
Les paramètres: 
La plaquette: [0, 1, 2, 3, 4, 5, 6, 7, 8, 9, 10, 11, 12, 13, 14, 15, 16, 17, 18, 19, 20, 21, 22, 23, 24, 25, 26, 27, 28, 29, 30, 31, 32, 33, 34, 35, 36, 37, 38, 39, 40, 41, 42, 43, 44, 45, 46, 47, 48, 49, 50, 51, 52, 53, 54, 55, 56, 57, 58, 59], Nombre de pas: 100*10=1000
Résultat du lancement de l'algo: 
Fitness obtenue: 8469610 après 0 pas
Nombre de fitness calculé en tout: 1000
Placement pour chaque équipement obtenu: [0, 1, 2, 3, 4, 5, 6, 7, 8, 9, 10, 11, 12, 13, 14, 15, 16, 17, 18, 19, 20, 21, 22, 23, 24, 25, 26, 27, 28, 29, 30, 31, 32, 33, 34, 35, 36, 37, 38, 39, 40, 41, 42, 43, 44, 45, 46, 47, 48, 49, 50, 51, 52, 53, 54, 55, 56, 57, 58, 59]
----------------------------------------------------------------------------------
Temps d'exécution :0:00:00.964287
Les paramètres: 
La plaquette: [59, 58, 57, 56, 55, 54, 53, 52, 51, 50, 49, 48, 47, 46, 45, 44, 43, 42, 41, 40, 39, 38, 37, 36, 35, 34, 33, 32, 31, 30, 29, 28, 27, 26, 25, 24, 23, 22, 21, 20, 19, 18, 17, 16, 15, 14, 13, 12, 11, 10, 9, 8, 7, 6, 5, 4, 3, 2, 1, 0], Nombre de pas: 100*10=1000
Résultat du lancement de l'algo: 
Fitness obtenue: 8469610 après 0 pas
Nombre de fitness calculé en tout: 1000
Placement pour chaque équipement obtenu: [0, 1, 2, 3, 4, 5, 6, 7, 8, 9, 10, 11, 12, 13, 14, 15, 16, 17, 18, 19, 20, 21, 22, 23, 24, 25, 26, 27, 28, 29, 30, 31, 32, 33, 34, 35, 36, 37, 38, 39, 40, 41, 42, 43, 44, 45, 46, 47, 48, 49, 50, 51, 52, 53, 54, 55, 56, 57, 58, 59]
----------------------------------------------------------------------------------
Temps d'exécution :0:00:00.976974
Les paramètres: 
La plaquette: [0, 2, 4, 6, 8, 10, 12, 14, 16, 18, 20, 22, 24, 26, 28, 30, 32, 34, 36, 38, 40, 42, 44, 46, 48, 50, 52, 54, 56, 58, 1, 3, 5, 7, 9, 11, 13, 15, 17, 19, 21, 23, 25, 27, 29, 31, 33, 35, 37, 39, 41, 43, 45, 47, 49, 51, 53, 55, 57, 59], Nombre de pas: 100*10=1000
Résultat du lancement de l'algo: 
Fitness obtenue: 8445984 après 38 pas
Nombre de fitness calculé en tout: 1000
Placement pour chaque équipement obtenu: [0, 1, 41, 3, 27, 8, 9, 56, 5, 15, 12, 36, 10, 21, 14, 57, 16, 17, 44, 55, 20, 13, 37, 54, 24, 25, 30, 38, 45, 29, 26, 22, 32, 28, 34, 58, 48, 42, 39, 4, 40, 11, 33, 43, 18, 50, 51, 31, 7, 53, 2, 47, 52, 59, 23, 19, 46, 6, 35, 49]
----------------------------------------------------------------------------------
Temps d'exécution :0:00:09.964008
Les paramètres: 
La plaquette: [0, 1, 2, 3, 4, 5, 6, 7, 8, 9, 10, 11, 12, 13, 14, 15, 16, 17, 18, 19, 20, 21, 22, 23, 24, 25, 26, 27, 28, 29, 30, 31, 32, 33, 34, 35, 36, 37, 38, 39, 40, 41, 42, 43, 44, 45, 46, 47, 48, 49, 50, 51, 52, 53, 54, 55, 56, 57, 58, 59], Nombre de pas: 1000*10=10000
Résultat du lancement de l'algo: 
Fitness obtenue: 8420590 après 71 pas
Nombre de fitness calculé en tout: 10000
Placement pour chaque équipement obtenu: [0, 52, 13, 25, 2, 40, 6, 32, 36, 42, 18, 28, 37, 1, 47, 24, 11, 17, 10, 51, 9, 20, 26, 8, 23, 44, 15, 3, 12, 50, 56, 22, 29, 38, 34, 35, 7, 48, 43, 39, 5, 46, 27, 19, 16, 30, 41, 45, 31, 49, 14, 53, 4, 33, 54, 55, 57, 21, 58, 59]
----------------------------------------------------------------------------------
Temps d'exécution :0:00:09.888767
Les paramètres: 
La plaquette: [59, 58, 57, 56, 55, 54, 53, 52, 51, 50, 49, 48, 47, 46, 45, 44, 43, 42, 41, 40, 39, 38, 37, 36, 35, 34, 33, 32, 31, 30, 29, 28, 27, 26, 25, 24, 23, 22, 21, 20, 19, 18, 17, 16, 15, 14, 13, 12, 11, 10, 9, 8, 7, 6, 5, 4, 3, 2, 1, 0], Nombre de pas: 1000*10=10000
Résultat du lancement de l'algo: 
Fitness obtenue: 8443834 après 6 pas
Nombre de fitness calculé en tout: 10000
Placement pour chaque équipement obtenu: [0, 1, 2, 50, 4, 5, 6, 7, 21, 9, 10, 11, 12, 13, 14, 15, 16, 18, 17, 19, 20, 8, 22, 23, 24, 25, 26, 27, 28, 29, 30, 31, 32, 33, 34, 35, 36, 37, 38, 39, 40, 41, 48, 43, 44, 45, 46, 47, 42, 49, 54, 51, 52, 53, 3, 55, 56, 57, 58, 59]
----------------------------------------------------------------------------------
Temps d'exécution :0:00:10.029396
Les paramètres: 
La plaquette: [0, 2, 4, 6, 8, 10, 12, 14, 16, 18, 20, 22, 24, 26, 28, 30, 32, 34, 36, 38, 40, 42, 44, 46, 48, 50, 52, 54, 56, 58, 1, 3, 5, 7, 9, 11, 13, 15, 17, 19, 21, 23, 25, 27, 29, 31, 33, 35, 37, 39, 41, 43, 45, 47, 49, 51, 53, 55, 57, 59], Nombre de pas: 1000*10=10000
Résultat du lancement de l'algo: 
Fitness obtenue: 8405166 après 375 pas
Nombre de fitness calculé en tout: 10000
Placement pour chaque équipement obtenu: [40, 6, 22, 7, 31, 8, 2, 53, 17, 35, 4, 59, 39, 55, 16, 14, 56, 50, 23, 20, 44, 57, 49, 54, 21, 47, 18, 34, 24, 30, 43, 19, 13, 10, 5, 12, 51, 0, 15, 36, 26, 25, 46, 9, 45, 48, 42, 28, 33, 52, 38, 58, 1, 3, 37, 11, 29, 27, 41, 32]
----------------------------------------------------------------------------------
Temps d'exécution :0:00:01.002350
Les paramètres: 
La plaquette: [0, 1, 2, 3, 4, 5, 6, 7, 8, 9, 10, 11, 12, 13, 14, 15, 16, 17, 18, 19, 20, 21, 22, 23, 24, 25, 26, 27, 28, 29, 30, 31, 32, 33, 34, 35, 36, 37, 38, 39, 40, 41, 42, 43, 44, 45, 46, 47, 48, 49, 50, 51, 52, 53, 54, 55, 56, 57, 58, 59], Nombre de pas: 10*100=1000
Résultat du lancement de l'algo: 
Fitness obtenue: 8397698 après 260 pas
Nombre de fitness calculé en tout: 1000
Placement pour chaque équipement obtenu: [40, 36, 47, 50, 21, 32, 34, 22, 45, 0, 10, 11, 59, 23, 14, 31, 24, 39, 3, 1, 28, 46, 20, 18, 27, 54, 55, 13, 7, 6, 58, 25, 29, 5, 53, 44, 2, 41, 35, 38, 42, 56, 16, 33, 4, 48, 37, 8, 52, 17, 30, 51, 19, 49, 15, 12, 9, 26, 43, 57]
----------------------------------------------------------------------------------
Temps d'exécution :0:00:01.001376
Les paramètres: 
La plaquette: [59, 58, 57, 56, 55, 54, 53, 52, 51, 50, 49, 48, 47, 46, 45, 44, 43, 42, 41, 40, 39, 38, 37, 36, 35, 34, 33, 32, 31, 30, 29, 28, 27, 26, 25, 24, 23, 22, 21, 20, 19, 18, 17, 16, 15, 14, 13, 12, 11, 10, 9, 8, 7, 6, 5, 4, 3, 2, 1, 0], Nombre de pas: 10*100=1000
Résultat du lancement de l'algo: 
Fitness obtenue: 8418874 après 791 pas
Nombre de fitness calculé en tout: 1000
Placement pour chaque équipement obtenu: [12, 24, 5, 46, 21, 1, 54, 26, 25, 41, 44, 30, 29, 48, 39, 58, 6, 10, 49, 45, 14, 34, 7, 59, 2, 53, 20, 43, 51, 55, 32, 35, 17, 28, 13, 16, 47, 27, 3, 57, 52, 0, 23, 37, 15, 42, 4, 9, 22, 56, 19, 8, 50, 38, 33, 40, 36, 18, 11, 31]
----------------------------------------------------------------------------------
Temps d'exécution :0:00:01.021837
Les paramètres: 
La plaquette: [0, 2, 4, 6, 8, 10, 12, 14, 16, 18, 20, 22, 24, 26, 28, 30, 32, 34, 36, 38, 40, 42, 44, 46, 48, 50, 52, 54, 56, 58, 1, 3, 5, 7, 9, 11, 13, 15, 17, 19, 21, 23, 25, 27, 29, 31, 33, 35, 37, 39, 41, 43, 45, 47, 49, 51, 53, 55, 57, 59], Nombre de pas: 10*100=1000
Résultat du lancement de l'algo: 
Fitness obtenue: 8393896 après 446 pas
Nombre de fitness calculé en tout: 1000
Placement pour chaque équipement obtenu: [6, 30, 51, 12, 9, 59, 21, 27, 11, 26, 58, 7, 4, 39, 14, 46, 55, 22, 16, 0, 18, 25, 33, 13, 47, 56, 41, 19, 23, 53, 49, 50, 36, 44, 52, 1, 32, 8, 34, 2, 3, 24, 15, 40, 54, 29, 57, 35, 43, 37, 20, 5, 45, 17, 42, 28, 31, 10, 38, 48]
----------------------------------------------------------------------------------
Temps d'exécution :0:00:09.909313
Les paramètres: 
La plaquette: [0, 1, 2, 3, 4, 5, 6, 7, 8, 9, 10, 11, 12, 13, 14, 15, 16, 17, 18, 19, 20, 21, 22, 23, 24, 25, 26, 27, 28, 29, 30, 31, 32, 33, 34, 35, 36, 37, 38, 39, 40, 41, 42, 43, 44, 45, 46, 47, 48, 49, 50, 51, 52, 53, 54, 55, 56, 57, 58, 59], Nombre de pas: 100*100=10000
Résultat du lancement de l'algo: 
Fitness obtenue: 8389426 après 1510 pas
Nombre de fitness calculé en tout: 10000
Placement pour chaque équipement obtenu: [41, 21, 59, 16, 22, 3, 58, 28, 46, 45, 11, 42, 31, 43, 15, 9, 1, 36, 20, 0, 5, 48, 18, 7, 32, 34, 10, 44, 37, 47, 50, 27, 40, 33, 12, 8, 51, 13, 6, 38, 56, 57, 52, 53, 29, 14, 39, 55, 24, 26, 19, 49, 23, 30, 4, 17, 25, 35, 2, 54]
----------------------------------------------------------------------------------
Temps d'exécution :0:00:09.864461
Les paramètres: 
La plaquette: [59, 58, 57, 56, 55, 54, 53, 52, 51, 50, 49, 48, 47, 46, 45, 44, 43, 42, 41, 40, 39, 38, 37, 36, 35, 34, 33, 32, 31, 30, 29, 28, 27, 26, 25, 24, 23, 22, 21, 20, 19, 18, 17, 16, 15, 14, 13, 12, 11, 10, 9, 8, 7, 6, 5, 4, 3, 2, 1, 0], Nombre de pas: 100*100=10000
Résultat du lancement de l'algo: 
Fitness obtenue: 8370950 après 3526 pas
Nombre de fitness calculé en tout: 10000
Placement pour chaque équipement obtenu: [49, 39, 11, 54, 25, 53, 51, 2, 27, 57, 30, 13, 3, 0, 10, 44, 35, 4, 29, 20, 19, 46, 7, 22, 21, 15, 28, 52, 56, 18, 8, 48, 1, 16, 32, 9, 55, 47, 50, 31, 12, 6, 41, 59, 40, 36, 42, 43, 45, 33, 38, 24, 17, 14, 26, 5, 23, 34, 37, 58]
----------------------------------------------------------------------------------
Temps d'exécution :0:00:10.003947
Les paramètres: 
La plaquette: [0, 2, 4, 6, 8, 10, 12, 14, 16, 18, 20, 22, 24, 26, 28, 30, 32, 34, 36, 38, 40, 42, 44, 46, 48, 50, 52, 54, 56, 58, 1, 3, 5, 7, 9, 11, 13, 15, 17, 19, 21, 23, 25, 27, 29, 31, 33, 35, 37, 39, 41, 43, 45, 47, 49, 51, 53, 55, 57, 59], Nombre de pas: 100*100=10000
Résultat du lancement de l'algo: 
Fitness obtenue: 8344756 après 5453 pas
Nombre de fitness calculé en tout: 10000
Placement pour chaque équipement obtenu: [11, 45, 17, 32, 28, 44, 47, 7, 42, 16, 10, 21, 34, 23, 25, 59, 4, 9, 5, 58, 53, 29, 56, 2, 48, 31, 30, 1, 55, 26, 50, 20, 27, 0, 18, 14, 38, 46, 40, 36, 22, 24, 33, 19, 13, 43, 35, 15, 49, 41, 54, 39, 37, 6, 3, 51, 57, 8, 12, 52]
----------------------------------------------------------------------------------
Temps d'exécution :0:01:39.168341
Les paramètres: 
La plaquette: [0, 1, 2, 3, 4, 5, 6, 7, 8, 9, 10, 11, 12, 13, 14, 15, 16, 17, 18, 19, 20, 21, 22, 23, 24, 25, 26, 27, 28, 29, 30, 31, 32, 33, 34, 35, 36, 37, 38, 39, 40, 41, 42, 43, 44, 45, 46, 47, 48, 49, 50, 51, 52, 53, 54, 55, 56, 57, 58, 59], Nombre de pas: 1000*100=100000
Résultat du lancement de l'algo: 
Fitness obtenue: 8371726 après 3450 pas
Nombre de fitness calculé en tout: 100000
Placement pour chaque équipement obtenu: [24, 47, 34, 14, 10, 50, 57, 59, 40, 46, 7, 42, 16, 0, 21, 3, 45, 19, 22, 15, 36, 32, 44, 43, 9, 5, 53, 8, 58, 20, 25, 48, 37, 2, 13, 23, 55, 12, 1, 41, 26, 52, 33, 39, 4, 38, 31, 29, 11, 35, 56, 51, 17, 30, 18, 27, 28, 54, 49, 6]
----------------------------------------------------------------------------------
Temps d'exécution :0:01:39.305882
Les paramètres: 
La plaquette: [59, 58, 57, 56, 55, 54, 53, 52, 51, 50, 49, 48, 47, 46, 45, 44, 43, 42, 41, 40, 39, 38, 37, 36, 35, 34, 33, 32, 31, 30, 29, 28, 27, 26, 25, 24, 23, 22, 21, 20, 19, 18, 17, 16, 15, 14, 13, 12, 11, 10, 9, 8, 7, 6, 5, 4, 3, 2, 1, 0], Nombre de pas: 1000*100=100000
Résultat du lancement de l'algo: 
Fitness obtenue: 8369348 après 2263 pas
Nombre de fitness calculé en tout: 100000
Placement pour chaque équipement obtenu: [25, 21, 58, 55, 31, 26, 32, 3, 46, 51, 17, 19, 47, 48, 20, 27, 14, 42, 44, 8, 56, 6, 30, 4, 28, 57, 5, 34, 50, 37, 18, 7, 2, 12, 15, 13, 39, 10, 36, 43, 40, 11, 38, 54, 23, 33, 16, 53, 45, 22, 41, 1, 59, 9, 29, 52, 0, 24, 49, 35]
----------------------------------------------------------------------------------
Temps d'exécution :0:01:38.880386
Les paramètres: 
La plaquette: [0, 2, 4, 6, 8, 10, 12, 14, 16, 18, 20, 22, 24, 26, 28, 30, 32, 34, 36, 38, 40, 42, 44, 46, 48, 50, 52, 54, 56, 58, 1, 3, 5, 7, 9, 11, 13, 15, 17, 19, 21, 23, 25, 27, 29, 31, 33, 35, 37, 39, 41, 43, 45, 47, 49, 51, 53, 55, 57, 59], Nombre de pas: 1000*100=100000
Résultat du lancement de l'algo: 
Fitness obtenue: 8315336 après 4048 pas
Nombre de fitness calculé en tout: 100000
Placement pour chaque équipement obtenu: [0, 20, 41, 50, 18, 11, 55, 23, 48, 12, 31, 44, 4, 39, 26, 6, 3, 51, 1, 43, 34, 16, 22, 29, 14, 5, 52, 17, 37, 28, 8, 58, 27, 25, 13, 32, 46, 36, 35, 45, 59, 2, 53, 24, 42, 49, 7, 9, 19, 21, 40, 38, 56, 54, 30, 47, 57, 33, 10, 15]
----------------------------------------------------------------------------------
Temps d'exécution :0:00:09.775603
Les paramètres: 
La plaquette: [0, 1, 2, 3, 4, 5, 6, 7, 8, 9, 10, 11, 12, 13, 14, 15, 16, 17, 18, 19, 20, 21, 22, 23, 24, 25, 26, 27, 28, 29, 30, 31, 32, 33, 34, 35, 36, 37, 38, 39, 40, 41, 42, 43, 44, 45, 46, 47, 48, 49, 50, 51, 52, 53, 54, 55, 56, 57, 58, 59], Nombre de pas: 10*1000=10000
Résultat du lancement de l'algo: 
Fitness obtenue: 8320350 après 8569 pas
Nombre de fitness calculé en tout: 10000
Placement pour chaque équipement obtenu: [40, 52, 3, 5, 26, 36, 51, 55, 0, 29, 47, 48, 38, 30, 13, 15, 1, 9, 10, 23, 37, 58, 49, 4, 2, 12, 44, 19, 54, 25, 33, 31, 59, 46, 11, 27, 39, 50, 57, 17, 56, 53, 21, 16, 18, 32, 41, 22, 34, 28, 42, 7, 20, 8, 24, 6, 14, 45, 35, 43]
----------------------------------------------------------------------------------
Temps d'exécution :0:00:09.878084
Les paramètres: 
La plaquette: [59, 58, 57, 56, 55, 54, 53, 52, 51, 50, 49, 48, 47, 46, 45, 44, 43, 42, 41, 40, 39, 38, 37, 36, 35, 34, 33, 32, 31, 30, 29, 28, 27, 26, 25, 24, 23, 22, 21, 20, 19, 18, 17, 16, 15, 14, 13, 12, 11, 10, 9, 8, 7, 6, 5, 4, 3, 2, 1, 0], Nombre de pas: 10*1000=10000
Résultat du lancement de l'algo: 
Fitness obtenue: 8329356 après 6000 pas
Nombre de fitness calculé en tout: 10000
Placement pour chaque équipement obtenu: [50, 38, 52, 32, 46, 53, 13, 59, 57, 43, 31, 14, 51, 12, 41, 26, 10, 45, 34, 5, 28, 3, 8, 33, 54, 48, 11, 55, 7, 15, 27, 18, 37, 25, 39, 6, 2, 9, 40, 19, 21, 23, 47, 58, 44, 24, 22, 20, 16, 29, 4, 49, 17, 0, 35, 30, 56, 1, 36, 42]
----------------------------------------------------------------------------------
Temps d'exécution :0:00:09.764868
Les paramètres: 
La plaquette: [0, 2, 4, 6, 8, 10, 12, 14, 16, 18, 20, 22, 24, 26, 28, 30, 32, 34, 36, 38, 40, 42, 44, 46, 48, 50, 52, 54, 56, 58, 1, 3, 5, 7, 9, 11, 13, 15, 17, 19, 21, 23, 25, 27, 29, 31, 33, 35, 37, 39, 41, 43, 45, 47, 49, 51, 53, 55, 57, 59], Nombre de pas: 10*1000=10000
Résultat du lancement de l'algo: 
Fitness obtenue: 8374086 après 9599 pas
Nombre de fitness calculé en tout: 10000
Placement pour chaque équipement obtenu: [42, 12, 36, 21, 7, 15, 27, 59, 34, 40, 6, 26, 3, 8, 25, 49, 16, 45, 22, 37, 52, 18, 47, 41, 10, 35, 33, 13, 20, 31, 57, 5, 9, 56, 17, 55, 54, 28, 32, 1, 46, 29, 38, 0, 43, 44, 14, 58, 53, 48, 2, 24, 30, 39, 23, 50, 11, 4, 51, 19]
----------------------------------------------------------------------------------
Temps d'exécution :0:01:39.412302
Les paramètres: 
La plaquette: [0, 1, 2, 3, 4, 5, 6, 7, 8, 9, 10, 11, 12, 13, 14, 15, 16, 17, 18, 19, 20, 21, 22, 23, 24, 25, 26, 27, 28, 29, 30, 31, 32, 33, 34, 35, 36, 37, 38, 39, 40, 41, 42, 43, 44, 45, 46, 47, 48, 49, 50, 51, 52, 53, 54, 55, 56, 57, 58, 59], Nombre de pas: 100*1000=100000
Résultat du lancement de l'algo: 
Fitness obtenue: 8261358 après 11091 pas
Nombre de fitness calculé en tout: 100000
Placement pour chaque équipement obtenu: [42, 36, 18, 8, 48, 17, 58, 37, 45, 39, 15, 34, 9, 22, 31, 29, 38, 33, 4, 27, 11, 30, 53, 52, 25, 35, 7, 57, 23, 2, 32, 43, 41, 46, 59, 14, 50, 12, 56, 49, 6, 51, 21, 40, 5, 28, 44, 20, 10, 47, 13, 54, 55, 1, 16, 3, 24, 19, 0, 26]
----------------------------------------------------------------------------------
Temps d'exécution :0:01:39.017025
Les paramètres: 
La plaquette: [59, 58, 57, 56, 55, 54, 53, 52, 51, 50, 49, 48, 47, 46, 45, 44, 43, 42, 41, 40, 39, 38, 37, 36, 35, 34, 33, 32, 31, 30, 29, 28, 27, 26, 25, 24, 23, 22, 21, 20, 19, 18, 17, 16, 15, 14, 13, 12, 11, 10, 9, 8, 7, 6, 5, 4, 3, 2, 1, 0], Nombre de pas: 100*1000=100000
Résultat du lancement de l'algo: 
Fitness obtenue: 8303602 après 13747 pas
Nombre de fitness calculé en tout: 100000
Placement pour chaque équipement obtenu: [28, 19, 38, 56, 1, 32, 31, 11, 20, 27, 36, 42, 5, 4, 26, 30, 14, 9, 8, 10, 24, 51, 40, 22, 43, 12, 57, 13, 47, 59, 52, 58, 33, 23, 49, 54, 55, 0, 50, 3, 17, 53, 35, 25, 45, 29, 41, 6, 21, 46, 48, 39, 34, 2, 7, 37, 16, 15, 44, 18]
----------------------------------------------------------------------------------
Temps d'exécution :0:01:38.893414
Les paramètres: 
La plaquette: [0, 2, 4, 6, 8, 10, 12, 14, 16, 18, 20, 22, 24, 26, 28, 30, 32, 34, 36, 38, 40, 42, 44, 46, 48, 50, 52, 54, 56, 58, 1, 3, 5, 7, 9, 11, 13, 15, 17, 19, 21, 23, 25, 27, 29, 31, 33, 35, 37, 39, 41, 43, 45, 47, 49, 51, 53, 55, 57, 59], Nombre de pas: 100*1000=100000
Résultat du lancement de l'algo: 
Fitness obtenue: 8332818 après 7108 pas
Nombre de fitness calculé en tout: 100000
Placement pour chaque équipement obtenu: [3, 44, 22, 46, 2, 21, 50, 24, 53, 49, 15, 8, 57, 58, 34, 6, 16, 30, 13, 20, 38, 18, 0, 28, 12, 9, 14, 42, 54, 19, 43, 55, 52, 25, 35, 51, 5, 27, 59, 37, 23, 36, 32, 40, 39, 26, 56, 4, 17, 45, 31, 33, 7, 10, 41, 11, 48, 1, 29, 47]
----------------------------------------------------------------------------------
Temps d'exécution :0:16:34.524144
Les paramètres: 
La plaquette: [0, 1, 2, 3, 4, 5, 6, 7, 8, 9, 10, 11, 12, 13, 14, 15, 16, 17, 18, 19, 20, 21, 22, 23, 24, 25, 26, 27, 28, 29, 30, 31, 32, 33, 34, 35, 36, 37, 38, 39, 40, 41, 42, 43, 44, 45, 46, 47, 48, 49, 50, 51, 52, 53, 54, 55, 56, 57, 58, 59], Nombre de pas: 1000*1000=1000000
Résultat du lancement de l'algo: 
Fitness obtenue: 8358100 après 14363 pas
Nombre de fitness calculé en tout: 1000000
Placement pour chaque équipement obtenu: [31, 59, 56, 23, 13, 51, 25, 44, 12, 16, 48, 41, 45, 22, 2, 19, 0, 49, 33, 58, 47, 14, 34, 1, 18, 8, 36, 52, 26, 24, 39, 50, 57, 38, 4, 55, 5, 54, 3, 53, 32, 7, 40, 29, 15, 17, 9, 20, 42, 46, 11, 10, 37, 43, 21, 27, 35, 6, 30, 28]
----------------------------------------------------------------------------------
Temps d'exécution :0:16:25.675773
Les paramètres: 
La plaquette: [59, 58, 57, 56, 55, 54, 53, 52, 51, 50, 49, 48, 47, 46, 45, 44, 43, 42, 41, 40, 39, 38, 37, 36, 35, 34, 33, 32, 31, 30, 29, 28, 27, 26, 25, 24, 23, 22, 21, 20, 19, 18, 17, 16, 15, 14, 13, 12, 11, 10, 9, 8, 7, 6, 5, 4, 3, 2, 1, 0], Nombre de pas: 1000*1000=1000000
Résultat du lancement de l'algo: 
Fitness obtenue: 8325888 après 18305 pas
Nombre de fitness calculé en tout: 1000000
Placement pour chaque équipement obtenu: [40, 43, 19, 0, 23, 36, 27, 31, 29, 50, 20, 25, 44, 47, 21, 46, 8, 5, 52, 56, 49, 14, 3, 48, 58, 32, 28, 39, 6, 7, 59, 26, 42, 55, 4, 18, 17, 57, 13, 11, 35, 9, 54, 2, 22, 53, 33, 24, 30, 16, 15, 41, 10, 38, 34, 37, 12, 45, 1, 51]
----------------------------------------------------------------------------------
Temps d'exécution :0:16:32.852506
Les paramètres: 
La plaquette: [0, 2, 4, 6, 8, 10, 12, 14, 16, 18, 20, 22, 24, 26, 28, 30, 32, 34, 36, 38, 40, 42, 44, 46, 48, 50, 52, 54, 56, 58, 1, 3, 5, 7, 9, 11, 13, 15, 17, 19, 21, 23, 25, 27, 29, 31, 33, 35, 37, 39, 41, 43, 45, 47, 49, 51, 53, 55, 57, 59], Nombre de pas: 1000*1000=1000000
Résultat du lancement de l'algo: 
Fitness obtenue: 8316150 après 17365 pas
Nombre de fitness calculé en tout: 1000000
Placement pour chaque équipement obtenu: [52, 32, 25, 59, 19, 51, 44, 11, 10, 39, 24, 49, 56, 30, 17, 23, 54, 36, 21, 16, 22, 48, 28, 14, 29, 33, 7, 58, 45, 40, 42, 41, 8, 3, 55, 6, 47, 37, 18, 2, 26, 4, 15, 20, 9, 38, 0, 12, 1, 46, 31, 57, 53, 13, 50, 34, 5, 43, 27, 35]
----------------------------------------------------------------------------------
Temps d'exécution :0:00:00.101504
Les paramètres: 
La plaquette: [0, 1, 2, 3, 4, 5, 6, 7, 8, 9, 10, 11, 12, 13, 14, 15, 16, 17, 18, 19, 20, 21, 22, 23, 24, 25, 26, 27, 28, 29, 30, 31, 32, 33, 34, 35, 36, 37, 38, 39, 40, 41, 42, 43, 44, 45, 46, 47, 48, 49, 50, 51, 52, 53, 54, 55, 56, 57, 58, 59], Nombre de pas: 10*10=100
Résultat du lancement de l'algo: 
Fitness obtenue: 8427550 après 4 pas
Nombre de fitness calculé en tout: 100
Placement pour chaque équipement obtenu: [0, 1, 2, 3, 44, 5, 6, 7, 8, 9, 10, 11, 12, 47, 14, 15, 16, 17, 18, 19, 20, 21, 22, 23, 24, 25, 26, 27, 4, 29, 30, 31, 32, 33, 34, 35, 36, 37, 38, 39, 40, 41, 42, 43, 54, 45, 46, 13, 48, 49, 50, 51, 52, 53, 28, 55, 56, 57, 58, 59]
----------------------------------------------------------------------------------
Temps d'exécution :0:00:00.101504
Les paramètres: 
La plaquette: [59, 58, 57, 56, 55, 54, 53, 52, 51, 50, 49, 48, 47, 46, 45, 44, 43, 42, 41, 40, 39, 38, 37, 36, 35, 34, 33, 32, 31, 30, 29, 28, 27, 26, 25, 24, 23, 22, 21, 20, 19, 18, 17, 16, 15, 14, 13, 12, 11, 10, 9, 8, 7, 6, 5, 4, 3, 2, 1, 0], Nombre de pas: 10*10=100
Résultat du lancement de l'algo: 
Fitness obtenue: 8459384 après 5 pas
Nombre de fitness calculé en tout: 100
Placement pour chaque équipement obtenu: [0, 1, 35, 3, 53, 5, 6, 7, 8, 9, 10, 11, 12, 13, 14, 15, 16, 17, 18, 19, 20, 21, 22, 23, 24, 25, 26, 27, 28, 29, 30, 32, 31, 33, 34, 2, 36, 37, 38, 39, 40, 41, 42, 43, 44, 57, 46, 47, 48, 49, 50, 51, 52, 4, 54, 55, 56, 45, 58, 59]
----------------------------------------------------------------------------------
Temps d'exécution :0:00:00.104430
Les paramètres: 
La plaquette: [0, 2, 4, 6, 8, 10, 12, 14, 16, 18, 20, 22, 24, 26, 28, 30, 32, 34, 36, 38, 40, 42, 44, 46, 48, 50, 52, 54, 56, 58, 1, 3, 5, 7, 9, 11, 13, 15, 17, 19, 21, 23, 25, 27, 29, 31, 33, 35, 37, 39, 41, 43, 45, 47, 49, 51, 53, 55, 57, 59], Nombre de pas: 10*10=100
Résultat du lancement de l'algo: 
Fitness obtenue: 8469610 après 0 pas
Nombre de fitness calculé en tout: 100
Placement pour chaque équipement obtenu: [0, 1, 2, 3, 4, 5, 6, 7, 8, 9, 10, 11, 12, 13, 14, 15, 16, 17, 18, 19, 20, 21, 22, 23, 24, 25, 26, 27, 28, 29, 30, 31, 32, 33, 34, 35, 36, 37, 38, 39, 40, 41, 42, 43, 44, 45, 46, 47, 48, 49, 50, 51, 52, 53, 54, 55, 56, 57, 58, 59]
----------------------------------------------------------------------------------
Temps d'exécution :0:00:00.997471
Les paramètres: 
La plaquette: [0, 1, 2, 3, 4, 5, 6, 7, 8, 9, 10, 11, 12, 13, 14, 15, 16, 17, 18, 19, 20, 21, 22, 23, 24, 25, 26, 27, 28, 29, 30, 31, 32, 33, 34, 35, 36, 37, 38, 39, 40, 41, 42, 43, 44, 45, 46, 47, 48, 49, 50, 51, 52, 53, 54, 55, 56, 57, 58, 59], Nombre de pas: 100*10=1000
Résultat du lancement de l'algo: 
Fitness obtenue: 8398710 après 76 pas
Nombre de fitness calculé en tout: 1000
Placement pour chaque équipement obtenu: [48, 24, 23, 53, 21, 36, 6, 0, 17, 38, 7, 32, 16, 1, 57, 54, 29, 33, 50, 49, 11, 8, 14, 15, 51, 9, 35, 19, 25, 39, 3, 22, 52, 18, 34, 46, 13, 12, 56, 28, 47, 27, 30, 43, 59, 5, 20, 41, 4, 58, 55, 40, 2, 42, 37, 45, 26, 31, 10, 44]
----------------------------------------------------------------------------------
Temps d'exécution :0:00:01.012111
Les paramètres: 
La plaquette: [59, 58, 57, 56, 55, 54, 53, 52, 51, 50, 49, 48, 47, 46, 45, 44, 43, 42, 41, 40, 39, 38, 37, 36, 35, 34, 33, 32, 31, 30, 29, 28, 27, 26, 25, 24, 23, 22, 21, 20, 19, 18, 17, 16, 15, 14, 13, 12, 11, 10, 9, 8, 7, 6, 5, 4, 3, 2, 1, 0], Nombre de pas: 100*10=1000
Résultat du lancement de l'algo: 
Fitness obtenue: 8434882 après 697 pas
Nombre de fitness calculé en tout: 1000
Placement pour chaque équipement obtenu: [10, 40, 8, 17, 35, 9, 45, 12, 30, 18, 29, 41, 34, 49, 5, 58, 37, 42, 11, 27, 14, 48, 36, 22, 52, 21, 38, 31, 3, 44, 39, 54, 23, 28, 15, 6, 7, 51, 26, 59, 57, 43, 47, 56, 20, 46, 1, 19, 25, 13, 33, 24, 16, 32, 0, 2, 53, 4, 55, 50]
----------------------------------------------------------------------------------
Temps d'exécution :0:00:01.002350
Les paramètres: 
La plaquette: [0, 2, 4, 6, 8, 10, 12, 14, 16, 18, 20, 22, 24, 26, 28, 30, 32, 34, 36, 38, 40, 42, 44, 46, 48, 50, 52, 54, 56, 58, 1, 3, 5, 7, 9, 11, 13, 15, 17, 19, 21, 23, 25, 27, 29, 31, 33, 35, 37, 39, 41, 43, 45, 47, 49, 51, 53, 55, 57, 59], Nombre de pas: 100*10=1000
Résultat du lancement de l'algo: 
Fitness obtenue: 8330594 après 35 pas
Nombre de fitness calculé en tout: 1000
Placement pour chaque équipement obtenu: [56, 59, 2, 3, 6, 5, 28, 7, 8, 51, 21, 11, 12, 20, 15, 32, 22, 17, 45, 19, 40, 57, 4, 14, 30, 25, 26, 29, 9, 16, 41, 31, 43, 33, 34, 35, 36, 37, 1, 39, 13, 10, 46, 27, 47, 18, 42, 44, 52, 49, 50, 23, 48, 53, 58, 55, 0, 24, 54, 38]
----------------------------------------------------------------------------------
Temps d'exécution :0:00:09.928834
Les paramètres: 
La plaquette: [0, 1, 2, 3, 4, 5, 6, 7, 8, 9, 10, 11, 12, 13, 14, 15, 16, 17, 18, 19, 20, 21, 22, 23, 24, 25, 26, 27, 28, 29, 30, 31, 32, 33, 34, 35, 36, 37, 38, 39, 40, 41, 42, 43, 44, 45, 46, 47, 48, 49, 50, 51, 52, 53, 54, 55, 56, 57, 58, 59], Nombre de pas: 1000*10=10000
Résultat du lancement de l'algo: 
Fitness obtenue: 8396852 après 753 pas
Nombre de fitness calculé en tout: 10000
Placement pour chaque équipement obtenu: [55, 2, 6, 10, 24, 5, 40, 22, 32, 11, 36, 9, 18, 46, 0, 33, 17, 30, 53, 49, 29, 20, 7, 54, 42, 31, 8, 14, 51, 50, 57, 34, 13, 38, 21, 44, 26, 47, 27, 52, 15, 35, 19, 28, 16, 58, 3, 4, 39, 23, 25, 45, 12, 41, 56, 1, 48, 43, 59, 37]
----------------------------------------------------------------------------------
Temps d'exécution :0:00:09.911306
Les paramètres: 
La plaquette: [59, 58, 57, 56, 55, 54, 53, 52, 51, 50, 49, 48, 47, 46, 45, 44, 43, 42, 41, 40, 39, 38, 37, 36, 35, 34, 33, 32, 31, 30, 29, 28, 27, 26, 25, 24, 23, 22, 21, 20, 19, 18, 17, 16, 15, 14, 13, 12, 11, 10, 9, 8, 7, 6, 5, 4, 3, 2, 1, 0], Nombre de pas: 1000*10=10000
Résultat du lancement de l'algo: 
Fitness obtenue: 8363690 après 1918 pas
Nombre de fitness calculé en tout: 10000
Placement pour chaque équipement obtenu: [33, 53, 0, 44, 55, 57, 40, 31, 35, 41, 51, 49, 42, 22, 54, 15, 32, 3, 21, 10, 19, 28, 18, 20, 27, 39, 14, 59, 50, 12, 38, 16, 36, 34, 8, 9, 47, 30, 25, 7, 1, 56, 52, 2, 24, 5, 13, 45, 17, 6, 23, 26, 37, 46, 11, 48, 29, 4, 43, 58]
----------------------------------------------------------------------------------
Temps d'exécution :0:00:10.058639
Les paramètres: 
La plaquette: [0, 2, 4, 6, 8, 10, 12, 14, 16, 18, 20, 22, 24, 26, 28, 30, 32, 34, 36, 38, 40, 42, 44, 46, 48, 50, 52, 54, 56, 58, 1, 3, 5, 7, 9, 11, 13, 15, 17, 19, 21, 23, 25, 27, 29, 31, 33, 35, 37, 39, 41, 43, 45, 47, 49, 51, 53, 55, 57, 59], Nombre de pas: 1000*10=10000
Résultat du lancement de l'algo: 
Fitness obtenue: 8398930 après 1749 pas
Nombre de fitness calculé en tout: 10000
Placement pour chaque équipement obtenu: [19, 43, 36, 2, 0, 11, 10, 6, 23, 32, 25, 39, 44, 47, 8, 34, 33, 17, 52, 5, 13, 35, 55, 48, 3, 30, 4, 14, 1, 53, 56, 20, 38, 42, 54, 45, 41, 27, 28, 24, 12, 59, 51, 49, 57, 31, 50, 15, 18, 9, 26, 37, 7, 21, 22, 46, 40, 58, 16, 29]
----------------------------------------------------------------------------------
Temps d'exécution :0:00:01.004303
Les paramètres: 
La plaquette: [0, 1, 2, 3, 4, 5, 6, 7, 8, 9, 10, 11, 12, 13, 14, 15, 16, 17, 18, 19, 20, 21, 22, 23, 24, 25, 26, 27, 28, 29, 30, 31, 32, 33, 34, 35, 36, 37, 38, 39, 40, 41, 42, 43, 44, 45, 46, 47, 48, 49, 50, 51, 52, 53, 54, 55, 56, 57, 58, 59], Nombre de pas: 10*100=1000
Résultat du lancement de l'algo: 
Fitness obtenue: 8388258 après 70 pas
Nombre de fitness calculé en tout: 1000
Placement pour chaque équipement obtenu: [55, 57, 3, 16, 34, 24, 9, 39, 28, 48, 54, 42, 41, 2, 6, 36, 38, 49, 19, 31, 59, 21, 22, 23, 33, 25, 29, 27, 8, 50, 30, 15, 0, 56, 47, 7, 45, 37, 35, 32, 40, 43, 13, 26, 44, 51, 14, 4, 18, 5, 11, 17, 52, 53, 10, 12, 1, 20, 58, 46]
----------------------------------------------------------------------------------
Temps d'exécution :0:00:01.004303
Les paramètres: 
La plaquette: [59, 58, 57, 56, 55, 54, 53, 52, 51, 50, 49, 48, 47, 46, 45, 44, 43, 42, 41, 40, 39, 38, 37, 36, 35, 34, 33, 32, 31, 30, 29, 28, 27, 26, 25, 24, 23, 22, 21, 20, 19, 18, 17, 16, 15, 14, 13, 12, 11, 10, 9, 8, 7, 6, 5, 4, 3, 2, 1, 0], Nombre de pas: 10*100=1000
Résultat du lancement de l'algo: 
Fitness obtenue: 8423366 après 159 pas
Nombre de fitness calculé en tout: 1000
Placement pour chaque équipement obtenu: [54, 19, 35, 58, 39, 14, 16, 15, 42, 43, 59, 26, 30, 41, 8, 28, 2, 9, 38, 47, 3, 55, 32, 37, 7, 24, 20, 25, 52, 4, 12, 51, 49, 10, 44, 57, 31, 34, 6, 36, 45, 53, 18, 23, 50, 56, 17, 27, 11, 33, 0, 48, 13, 40, 29, 21, 1, 46, 5, 22]
----------------------------------------------------------------------------------
Temps d'exécution :0:00:01.033580
Les paramètres: 
La plaquette: [0, 2, 4, 6, 8, 10, 12, 14, 16, 18, 20, 22, 24, 26, 28, 30, 32, 34, 36, 38, 40, 42, 44, 46, 48, 50, 52, 54, 56, 58, 1, 3, 5, 7, 9, 11, 13, 15, 17, 19, 21, 23, 25, 27, 29, 31, 33, 35, 37, 39, 41, 43, 45, 47, 49, 51, 53, 55, 57, 59], Nombre de pas: 10*100=1000
Résultat du lancement de l'algo: 
Fitness obtenue: 8356398 après 654 pas
Nombre de fitness calculé en tout: 1000
Placement pour chaque équipement obtenu: [43, 49, 3, 30, 19, 11, 58, 13, 18, 52, 31, 14, 32, 9, 57, 35, 1, 15, 2, 21, 8, 20, 33, 25, 0, 24, 54, 44, 17, 48, 59, 36, 28, 10, 37, 4, 55, 50, 46, 51, 5, 34, 42, 23, 26, 29, 27, 22, 41, 45, 39, 40, 47, 6, 7, 12, 16, 53, 56, 38]
----------------------------------------------------------------------------------
Temps d'exécution :0:00:09.838616
Les paramètres: 
La plaquette: [0, 1, 2, 3, 4, 5, 6, 7, 8, 9, 10, 11, 12, 13, 14, 15, 16, 17, 18, 19, 20, 21, 22, 23, 24, 25, 26, 27, 28, 29, 30, 31, 32, 33, 34, 35, 36, 37, 38, 39, 40, 41, 42, 43, 44, 45, 46, 47, 48, 49, 50, 51, 52, 53, 54, 55, 56, 57, 58, 59], Nombre de pas: 100*100=10000
Résultat du lancement de l'algo: 
Fitness obtenue: 8358072 après 6472 pas
Nombre de fitness calculé en tout: 10000
Placement pour chaque équipement obtenu: [39, 51, 18, 28, 16, 54, 50, 45, 4, 12, 42, 3, 9, 44, 49, 31, 38, 37, 55, 5, 43, 21, 22, 58, 0, 25, 8, 57, 15, 23, 53, 6, 24, 34, 7, 48, 14, 29, 46, 2, 33, 1, 30, 35, 52, 40, 27, 41, 19, 36, 13, 10, 26, 17, 32, 47, 20, 59, 11, 56]
----------------------------------------------------------------------------------
Temps d'exécution :0:00:10.144410
Les paramètres: 
La plaquette: [59, 58, 57, 56, 55, 54, 53, 52, 51, 50, 49, 48, 47, 46, 45, 44, 43, 42, 41, 40, 39, 38, 37, 36, 35, 34, 33, 32, 31, 30, 29, 28, 27, 26, 25, 24, 23, 22, 21, 20, 19, 18, 17, 16, 15, 14, 13, 12, 11, 10, 9, 8, 7, 6, 5, 4, 3, 2, 1, 0], Nombre de pas: 100*100=10000
Résultat du lancement de l'algo: 
Fitness obtenue: 8362060 après 799 pas
Nombre de fitness calculé en tout: 10000
Placement pour chaque équipement obtenu: [56, 11, 19, 22, 58, 30, 18, 5, 54, 41, 9, 50, 16, 20, 38, 7, 1, 2, 47, 31, 17, 35, 59, 21, 45, 29, 42, 55, 6, 4, 8, 28, 24, 40, 57, 46, 52, 37, 32, 0, 3, 14, 12, 49, 25, 48, 27, 43, 15, 39, 44, 53, 26, 13, 33, 23, 34, 51, 10, 36]
----------------------------------------------------------------------------------
Temps d'exécution :0:00:10.121679
Les paramètres: 
La plaquette: [0, 2, 4, 6, 8, 10, 12, 14, 16, 18, 20, 22, 24, 26, 28, 30, 32, 34, 36, 38, 40, 42, 44, 46, 48, 50, 52, 54, 56, 58, 1, 3, 5, 7, 9, 11, 13, 15, 17, 19, 21, 23, 25, 27, 29, 31, 33, 35, 37, 39, 41, 43, 45, 47, 49, 51, 53, 55, 57, 59], Nombre de pas: 100*100=10000
Résultat du lancement de l'algo: 
Fitness obtenue: 8298084 après 6540 pas
Nombre de fitness calculé en tout: 10000
Placement pour chaque équipement obtenu: [5, 8, 51, 58, 9, 0, 42, 35, 13, 39, 55, 41, 29, 50, 49, 20, 52, 23, 47, 34, 54, 24, 30, 15, 6, 36, 28, 17, 48, 44, 14, 2, 16, 57, 59, 53, 18, 32, 10, 27, 43, 26, 21, 25, 45, 46, 37, 3, 22, 7, 38, 31, 4, 1, 12, 11, 56, 19, 40, 33]
----------------------------------------------------------------------------------
Temps d'exécution :0:01:39.500664
Les paramètres: 
La plaquette: [0, 1, 2, 3, 4, 5, 6, 7, 8, 9, 10, 11, 12, 13, 14, 15, 16, 17, 18, 19, 20, 21, 22, 23, 24, 25, 26, 27, 28, 29, 30, 31, 32, 33, 34, 35, 36, 37, 38, 39, 40, 41, 42, 43, 44, 45, 46, 47, 48, 49, 50, 51, 52, 53, 54, 55, 56, 57, 58, 59], Nombre de pas: 1000*100=100000
Résultat du lancement de l'algo: 
Fitness obtenue: 8357960 après 9381 pas
Nombre de fitness calculé en tout: 100000
Placement pour chaque équipement obtenu: [17, 4, 32, 19, 52, 2, 45, 21, 25, 44, 6, 46, 23, 56, 18, 41, 55, 11, 57, 10, 54, 31, 51, 8, 13, 36, 39, 3, 7, 37, 47, 14, 0, 33, 12, 42, 9, 30, 34, 48, 28, 49, 22, 27, 43, 29, 20, 53, 15, 38, 59, 35, 24, 50, 58, 5, 40, 16, 1, 26]
----------------------------------------------------------------------------------
Temps d'exécution :0:01:39.122432
Les paramètres: 
La plaquette: [59, 58, 57, 56, 55, 54, 53, 52, 51, 50, 49, 48, 47, 46, 45, 44, 43, 42, 41, 40, 39, 38, 37, 36, 35, 34, 33, 32, 31, 30, 29, 28, 27, 26, 25, 24, 23, 22, 21, 20, 19, 18, 17, 16, 15, 14, 13, 12, 11, 10, 9, 8, 7, 6, 5, 4, 3, 2, 1, 0], Nombre de pas: 1000*100=100000
Résultat du lancement de l'algo: 
Fitness obtenue: 8323242 après 16980 pas
Nombre de fitness calculé en tout: 100000
Placement pour chaque équipement obtenu: [19, 38, 0, 43, 47, 26, 11, 24, 14, 59, 39, 40, 52, 20, 51, 41, 29, 27, 6, 4, 18, 25, 50, 28, 48, 32, 45, 5, 46, 42, 13, 16, 15, 36, 56, 8, 21, 23, 57, 9, 1, 58, 37, 49, 31, 34, 44, 22, 30, 17, 12, 54, 2, 7, 35, 55, 10, 33, 3, 53]
----------------------------------------------------------------------------------
Temps d'exécution :0:01:39.236625
Les paramètres: 
La plaquette: [0, 2, 4, 6, 8, 10, 12, 14, 16, 18, 20, 22, 24, 26, 28, 30, 32, 34, 36, 38, 40, 42, 44, 46, 48, 50, 52, 54, 56, 58, 1, 3, 5, 7, 9, 11, 13, 15, 17, 19, 21, 23, 25, 27, 29, 31, 33, 35, 37, 39, 41, 43, 45, 47, 49, 51, 53, 55, 57, 59], Nombre de pas: 1000*100=100000
Résultat du lancement de l'algo: 
Fitness obtenue: 8352780 après 42647 pas
Nombre de fitness calculé en tout: 100000
Placement pour chaque équipement obtenu: [10, 29, 3, 0, 33, 56, 27, 54, 34, 23, 58, 30, 22, 39, 1, 43, 7, 26, 16, 35, 19, 41, 51, 47, 6, 36, 11, 31, 9, 2, 8, 32, 17, 15, 55, 45, 48, 24, 20, 13, 46, 44, 50, 4, 37, 52, 28, 12, 59, 21, 53, 38, 18, 5, 14, 42, 57, 49, 25, 40]
----------------------------------------------------------------------------------
Temps d'exécution :0:00:09.995236
Les paramètres: 
La plaquette: [0, 1, 2, 3, 4, 5, 6, 7, 8, 9, 10, 11, 12, 13, 14, 15, 16, 17, 18, 19, 20, 21, 22, 23, 24, 25, 26, 27, 28, 29, 30, 31, 32, 33, 34, 35, 36, 37, 38, 39, 40, 41, 42, 43, 44, 45, 46, 47, 48, 49, 50, 51, 52, 53, 54, 55, 56, 57, 58, 59], Nombre de pas: 10*1000=10000
Résultat du lancement de l'algo: 
Fitness obtenue: 8350544 après 4445 pas
Nombre de fitness calculé en tout: 10000
Placement pour chaque équipement obtenu: [27, 19, 3, 52, 46, 10, 35, 29, 4, 26, 40, 8, 50, 48, 0, 34, 2, 15, 5, 55, 47, 12, 28, 41, 17, 9, 6, 23, 54, 58, 7, 45, 51, 30, 13, 25, 56, 44, 21, 24, 31, 18, 36, 43, 16, 38, 57, 11, 22, 37, 59, 53, 1, 42, 33, 20, 14, 49, 32, 39]
----------------------------------------------------------------------------------
Temps d'exécution :0:00:09.829284
Les paramètres: 
La plaquette: [59, 58, 57, 56, 55, 54, 53, 52, 51, 50, 49, 48, 47, 46, 45, 44, 43, 42, 41, 40, 39, 38, 37, 36, 35, 34, 33, 32, 31, 30, 29, 28, 27, 26, 25, 24, 23, 22, 21, 20, 19, 18, 17, 16, 15, 14, 13, 12, 11, 10, 9, 8, 7, 6, 5, 4, 3, 2, 1, 0], Nombre de pas: 10*1000=10000
Résultat du lancement de l'algo: 
Fitness obtenue: 8323324 après 2725 pas
Nombre de fitness calculé en tout: 10000
Placement pour chaque équipement obtenu: [51, 21, 17, 13, 57, 7, 16, 59, 3, 9, 41, 58, 52, 18, 24, 53, 15, 20, 50, 19, 56, 14, 31, 29, 48, 4, 36, 34, 2, 35, 10, 6, 22, 42, 46, 28, 1, 30, 8, 32, 5, 54, 44, 12, 45, 27, 37, 33, 38, 23, 39, 47, 49, 25, 55, 11, 26, 40, 43, 0]
----------------------------------------------------------------------------------
Temps d'exécution :0:00:10.031116
Les paramètres: 
La plaquette: [0, 2, 4, 6, 8, 10, 12, 14, 16, 18, 20, 22, 24, 26, 28, 30, 32, 34, 36, 38, 40, 42, 44, 46, 48, 50, 52, 54, 56, 58, 1, 3, 5, 7, 9, 11, 13, 15, 17, 19, 21, 23, 25, 27, 29, 31, 33, 35, 37, 39, 41, 43, 45, 47, 49, 51, 53, 55, 57, 59], Nombre de pas: 10*1000=10000
Résultat du lancement de l'algo: 
Fitness obtenue: 8315426 après 9568 pas
Nombre de fitness calculé en tout: 10000
Placement pour chaque équipement obtenu: [52, 55, 30, 21, 39, 46, 44, 1, 54, 8, 2, 18, 51, 38, 19, 14, 42, 7, 12, 53, 10, 27, 40, 13, 16, 9, 0, 11, 47, 25, 6, 33, 22, 50, 28, 59, 5, 29, 37, 41, 57, 32, 3, 48, 20, 23, 24, 4, 26, 58, 45, 31, 36, 34, 35, 49, 17, 43, 56, 15]
----------------------------------------------------------------------------------
Temps d'exécution :0:01:39.455148
Les paramètres: 
La plaquette: [0, 1, 2, 3, 4, 5, 6, 7, 8, 9, 10, 11, 12, 13, 14, 15, 16, 17, 18, 19, 20, 21, 22, 23, 24, 25, 26, 27, 28, 29, 30, 31, 32, 33, 34, 35, 36, 37, 38, 39, 40, 41, 42, 43, 44, 45, 46, 47, 48, 49, 50, 51, 52, 53, 54, 55, 56, 57, 58, 59], Nombre de pas: 100*1000=100000
Résultat du lancement de l'algo: 
Fitness obtenue: 8316410 après 56384 pas
Nombre de fitness calculé en tout: 100000
Placement pour chaque équipement obtenu: [41, 25, 10, 44, 52, 40, 5, 24, 27, 6, 53, 38, 11, 3, 20, 8, 50, 33, 43, 19, 30, 23, 0, 37, 7, 48, 1, 32, 59, 14, 57, 17, 42, 12, 56, 36, 18, 46, 34, 9, 13, 35, 21, 49, 58, 47, 51, 26, 15, 29, 16, 55, 28, 39, 45, 22, 4, 54, 2, 31]
----------------------------------------------------------------------------------
Temps d'exécution :0:01:39.099952
Les paramètres: 
La plaquette: [59, 58, 57, 56, 55, 54, 53, 52, 51, 50, 49, 48, 47, 46, 45, 44, 43, 42, 41, 40, 39, 38, 37, 36, 35, 34, 33, 32, 31, 30, 29, 28, 27, 26, 25, 24, 23, 22, 21, 20, 19, 18, 17, 16, 15, 14, 13, 12, 11, 10, 9, 8, 7, 6, 5, 4, 3, 2, 1, 0], Nombre de pas: 100*1000=100000
Résultat du lancement de l'algo: 
Fitness obtenue: 8332746 après 59407 pas
Nombre de fitness calculé en tout: 100000
Placement pour chaque équipement obtenu: [28, 34, 20, 33, 49, 8, 0, 2, 46, 15, 27, 50, 32, 9, 4, 51, 3, 31, 55, 11, 17, 7, 16, 5, 6, 35, 26, 37, 44, 13, 40, 25, 22, 18, 21, 59, 42, 45, 53, 39, 14, 57, 43, 52, 30, 19, 23, 36, 12, 1, 58, 47, 41, 29, 38, 56, 54, 48, 10, 24]
----------------------------------------------------------------------------------
Temps d'exécution :0:01:38.990707
Les paramètres: 
La plaquette: [0, 2, 4, 6, 8, 10, 12, 14, 16, 18, 20, 22, 24, 26, 28, 30, 32, 34, 36, 38, 40, 42, 44, 46, 48, 50, 52, 54, 56, 58, 1, 3, 5, 7, 9, 11, 13, 15, 17, 19, 21, 23, 25, 27, 29, 31, 33, 35, 37, 39, 41, 43, 45, 47, 49, 51, 53, 55, 57, 59], Nombre de pas: 100*1000=100000
Résultat du lancement de l'algo: 
Fitness obtenue: 8311524 après 37683 pas
Nombre de fitness calculé en tout: 100000
Placement pour chaque équipement obtenu: [25, 18, 4, 3, 37, 14, 36, 7, 38, 59, 28, 39, 55, 1, 12, 48, 40, 6, 56, 30, 47, 34, 23, 52, 21, 27, 20, 29, 43, 31, 58, 17, 33, 45, 2, 9, 54, 10, 46, 50, 0, 49, 24, 8, 53, 42, 32, 5, 16, 51, 35, 15, 19, 13, 57, 26, 41, 44, 22, 11]
----------------------------------------------------------------------------------
Temps d'exécution :0:17:08.427517
Les paramètres: 
La plaquette: [0, 1, 2, 3, 4, 5, 6, 7, 8, 9, 10, 11, 12, 13, 14, 15, 16, 17, 18, 19, 20, 21, 22, 23, 24, 25, 26, 27, 28, 29, 30, 31, 32, 33, 34, 35, 36, 37, 38, 39, 40, 41, 42, 43, 44, 45, 46, 47, 48, 49, 50, 51, 52, 53, 54, 55, 56, 57, 58, 59], Nombre de pas: 1000*1000=1000000
Résultat du lancement de l'algo: 
Fitness obtenue: 8318926 après 369203 pas
Nombre de fitness calculé en tout: 1000000
Placement pour chaque équipement obtenu: [29, 1, 49, 35, 43, 15, 13, 12, 9, 56, 21, 0, 2, 55, 16, 7, 41, 25, 40, 47, 18, 48, 5, 30, 32, 39, 27, 38, 8, 17, 20, 58, 59, 14, 44, 51, 10, 3, 42, 53, 26, 4, 22, 50, 24, 19, 33, 57, 37, 46, 31, 28, 6, 54, 11, 34, 36, 52, 23, 45]
----------------------------------------------------------------------------------
Temps d'exécution :0:16:34.896892
Les paramètres: 
La plaquette: [59, 58, 57, 56, 55, 54, 53, 52, 51, 50, 49, 48, 47, 46, 45, 44, 43, 42, 41, 40, 39, 38, 37, 36, 35, 34, 33, 32, 31, 30, 29, 28, 27, 26, 25, 24, 23, 22, 21, 20, 19, 18, 17, 16, 15, 14, 13, 12, 11, 10, 9, 8, 7, 6, 5, 4, 3, 2, 1, 0], Nombre de pas: 1000*1000=1000000
Résultat du lancement de l'algo: 
Fitness obtenue: 8294364 après 7032 pas
Nombre de fitness calculé en tout: 1000000
Placement pour chaque équipement obtenu: [45, 46, 49, 27, 11, 32, 24, 16, 43, 58, 40, 10, 13, 44, 57, 6, 38, 4, 14, 35, 34, 19, 25, 17, 2, 7, 28, 23, 20, 51, 41, 5, 9, 39, 47, 22, 0, 48, 56, 42, 55, 29, 54, 15, 36, 50, 21, 30, 12, 1, 33, 53, 37, 8, 3, 52, 26, 59, 31, 18]
----------------------------------------------------------------------------------
Temps d'exécution :0:16:32.970448
Les paramètres: 
La plaquette: [0, 2, 4, 6, 8, 10, 12, 14, 16, 18, 20, 22, 24, 26, 28, 30, 32, 34, 36, 38, 40, 42, 44, 46, 48, 50, 52, 54, 56, 58, 1, 3, 5, 7, 9, 11, 13, 15, 17, 19, 21, 23, 25, 27, 29, 31, 33, 35, 37, 39, 41, 43, 45, 47, 49, 51, 53, 55, 57, 59], Nombre de pas: 1000*1000=1000000
Résultat du lancement de l'algo: 
Fitness obtenue: 8277640 après 139407 pas
Nombre de fitness calculé en tout: 1000000
Placement pour chaque équipement obtenu: [38, 40, 11, 19, 37, 21, 14, 24, 59, 4, 15, 20, 12, 18, 43, 54, 32, 58, 17, 2, 49, 10, 33, 44, 57, 1, 30, 8, 27, 56, 48, 6, 26, 46, 13, 31, 22, 55, 29, 25, 3, 50, 23, 39, 36, 7, 16, 42, 34, 28, 41, 5, 52, 51, 9, 35, 45, 0, 47, 53]
----------------------------------------------------------------------------------
Temps d'exécution :0:16:33.320095
Les paramètres: 
Itération: 10, Nombre de pas: 100*1000=100000
Résultat du lancement de l'algo: 
Fitness obtenue: 8284230 après 46184 pas
Nombre de fitness calculé en tout: 1000000
Placement pour chaque équipement obtenu: [32, 43, 38, 16, 22, 45, 44, 12, 33, 27, 31, 21, 50, 48, 39, 4, 42, 35, 29, 6, 9, 1, 55, 14, 13, 47, 3, 26, 28, 49, 5, 34, 17, 2, 24, 7, 54, 15, 19, 53, 25, 51, 56, 11, 37, 36, 40, 20, 8, 46, 23, 10, 57, 59, 41, 0, 18, 30, 52, 58]
----------------------------------------------------------------------------------
