Temps d'exécution :0:02:27.642025
Les paramètres: 
La plaquette: [0, 1, 2, 3, 4, 5, 6, 7, 8, 9, 10, 11, 12, 13, 14, 15, 16, 17, 18, 19, 20, 21, 22, 23, 24, 25, 26, 27, 28, 29, 30, 31, 32, 33, 34, 35, 36, 37, 38, 39, 40, 41, 42, 43, 44, 45, 46, 47, 48, 49, 50, 51, 52, 53, 54, 55, 56, 57, 58, 59, 60, 61, 62, 63, 64, 65, 66, 67, 68, 69, 70, 71, 72, 73, 74, 75, 76, 77, 78, 79, 80, 81, 82, 83, 84, 85, 86, 87, 88, 89, 90, 91, 92, 93, 94, 95, 96, 97, 98, 99], Nombre de pas: 10
Résultat du lancement de l'algo: 
Fitness obtenue: 23150338 après 9 pas
Nombre de fitness calculé en tout: 17900
Placement pour chaque équipement obtenu: [0, 10, 8, 3, 4, 25, 6, 7, 2, 9, 1, 17, 12, 13, 26, 15, 16, 11, 36, 19, 20, 33, 22, 23, 24, 5, 14, 27, 28, 29, 30, 31, 32, 21, 34, 18, 35, 37, 38, 39, 40, 41, 42, 43, 44, 45, 46, 47, 48, 49, 50, 51, 53, 52, 54, 55, 56, 57, 58, 59, 60, 61, 62, 63, 64, 65, 66, 67, 68, 69, 70, 71, 72, 73, 74, 75, 76, 77, 78, 79, 80, 81, 99, 83, 84, 85, 86, 87, 88, 89, 90, 91, 92, 93, 94, 95, 96, 97, 98, 82]
----------------------------------------------------------------------------------
Temps d'exécution :0:02:19.560644
Les paramètres: 
La plaquette: [99, 98, 97, 96, 95, 94, 93, 92, 91, 90, 89, 88, 87, 86, 85, 84, 83, 82, 81, 80, 79, 78, 77, 76, 75, 74, 73, 72, 71, 70, 69, 68, 67, 66, 65, 64, 63, 62, 61, 60, 59, 58, 57, 56, 55, 54, 53, 52, 51, 50, 49, 48, 47, 46, 45, 44, 43, 42, 41, 40, 39, 38, 37, 36, 35, 34, 33, 32, 31, 30, 29, 28, 27, 26, 25, 24, 23, 22, 21, 20, 19, 18, 17, 16, 15, 14, 13, 12, 11, 10, 9, 8, 7, 6, 5, 4, 3, 2, 1, 0], Nombre de pas: 10
Résultat du lancement de l'algo: 
Fitness obtenue: 23190036 après 9 pas
Nombre de fitness calculé en tout: 17900
Placement pour chaque équipement obtenu: [99, 98, 97, 96, 95, 94, 93, 85, 91, 90, 69, 88, 87, 86, 92, 84, 75, 82, 81, 61, 79, 78, 77, 76, 83, 74, 73, 72, 71, 70, 89, 68, 67, 66, 65, 64, 63, 62, 80, 60, 59, 58, 57, 56, 55, 54, 40, 52, 51, 50, 49, 13, 47, 46, 45, 44, 43, 42, 41, 53, 39, 38, 26, 36, 35, 34, 33, 29, 31, 48, 32, 28, 27, 37, 25, 24, 23, 22, 21, 20, 3, 18, 17, 16, 15, 14, 30, 12, 11, 10, 9, 8, 7, 6, 5, 4, 19, 2, 1, 0]
----------------------------------------------------------------------------------
Temps d'exécution :0:02:00.482681
Les paramètres: 
La plaquette: [0, 2, 4, 6, 8, 10, 12, 14, 16, 18, 20, 22, 24, 26, 28, 30, 32, 34, 36, 38, 40, 42, 44, 46, 48, 50, 52, 54, 56, 58, 60, 62, 64, 66, 68, 70, 72, 74, 76, 78, 80, 82, 84, 86, 88, 90, 92, 94, 96, 98, 1, 3, 5, 7, 9, 11, 13, 15, 17, 19, 21, 23, 25, 27, 29, 31, 33, 35, 37, 39, 41, 43, 45, 47, 49, 51, 53, 55, 57, 59, 61, 63, 65, 67, 69, 71, 73, 75, 77, 79, 81, 83, 85, 87, 89, 91, 93, 95, 97, 99], Nombre de pas: 10
Résultat du lancement de l'algo: 
Fitness obtenue: 23339196 après 9 pas
Nombre de fitness calculé en tout: 17900
Placement pour chaque équipement obtenu: [0, 2, 4, 6, 8, 10, 12, 14, 56, 18, 30, 22, 24, 26, 28, 20, 32, 34, 36, 38, 40, 42, 44, 46, 48, 50, 52, 54, 16, 58, 60, 62, 88, 66, 78, 1, 72, 74, 76, 68, 80, 82, 84, 86, 64, 90, 92, 94, 96, 98, 70, 3, 5, 7, 9, 11, 17, 15, 13, 19, 21, 27, 25, 23, 29, 57, 33, 35, 37, 39, 41, 43, 45, 47, 49, 51, 63, 55, 31, 59, 61, 53, 65, 67, 69, 71, 73, 75, 77, 79, 81, 95, 85, 87, 89, 91, 93, 83, 97, 99]
----------------------------------------------------------------------------------
Temps d'exécution :0:21:28.931819
Les paramètres: 
La plaquette: [0, 1, 2, 3, 4, 5, 6, 7, 8, 9, 10, 11, 12, 13, 14, 15, 16, 17, 18, 19, 20, 21, 22, 23, 24, 25, 26, 27, 28, 29, 30, 31, 32, 33, 34, 35, 36, 37, 38, 39, 40, 41, 42, 43, 44, 45, 46, 47, 48, 49, 50, 51, 52, 53, 54, 55, 56, 57, 58, 59, 60, 61, 62, 63, 64, 65, 66, 67, 68, 69, 70, 71, 72, 73, 74, 75, 76, 77, 78, 79, 80, 81, 82, 83, 84, 85, 86, 87, 88, 89, 90, 91, 92, 93, 94, 95, 96, 97, 98, 99], Nombre de pas: 100
Résultat du lancement de l'algo: 
Fitness obtenue: 22181774 après 98 pas
Nombre de fitness calculé en tout: 179000
Placement pour chaque équipement obtenu: [0, 10, 8, 3, 4, 25, 24, 6, 26, 9, 1, 17, 12, 13, 34, 15, 16, 11, 36, 19, 20, 59, 32, 2, 7, 5, 14, 27, 28, 48, 46, 23, 22, 21, 31, 18, 35, 37, 38, 39, 40, 33, 42, 43, 44, 45, 47, 30, 29, 49, 53, 84, 50, 52, 61, 55, 54, 57, 58, 41, 63, 56, 62, 70, 80, 71, 66, 75, 68, 65, 60, 95, 94, 73, 74, 79, 72, 77, 78, 81, 67, 51, 99, 82, 69, 96, 98, 64, 88, 89, 90, 91, 92, 93, 76, 86, 85, 97, 87, 83]
----------------------------------------------------------------------------------
Temps d'exécution :0:20:58.713660
Les paramètres: 
La plaquette: [99, 98, 97, 96, 95, 94, 93, 92, 91, 90, 89, 88, 87, 86, 85, 84, 83, 82, 81, 80, 79, 78, 77, 76, 75, 74, 73, 72, 71, 70, 69, 68, 67, 66, 65, 64, 63, 62, 61, 60, 59, 58, 57, 56, 55, 54, 53, 52, 51, 50, 49, 48, 47, 46, 45, 44, 43, 42, 41, 40, 39, 38, 37, 36, 35, 34, 33, 32, 31, 30, 29, 28, 27, 26, 25, 24, 23, 22, 21, 20, 19, 18, 17, 16, 15, 14, 13, 12, 11, 10, 9, 8, 7, 6, 5, 4, 3, 2, 1, 0], Nombre de pas: 100
Résultat du lancement de l'algo: 
Fitness obtenue: 22278842 après 98 pas
Nombre de fitness calculé en tout: 178740
Placement pour chaque équipement obtenu: [99, 79, 88, 94, 95, 87, 83, 85, 91, 76, 69, 98, 96, 86, 92, 84, 75, 70, 73, 61, 97, 78, 77, 90, 93, 81, 71, 72, 74, 82, 89, 68, 57, 13, 65, 62, 63, 64, 80, 60, 59, 58, 67, 56, 41, 54, 40, 52, 51, 38, 49, 66, 47, 46, 34, 44, 43, 42, 55, 53, 39, 50, 26, 35, 11, 6, 33, 29, 31, 20, 45, 15, 36, 37, 25, 24, 23, 32, 21, 48, 3, 18, 5, 9, 28, 0, 30, 12, 7, 2, 16, 8, 27, 4, 17, 22, 19, 10, 1, 14]
----------------------------------------------------------------------------------
Temps d'exécution :0:20:15.538165
Les paramètres: 
La plaquette: [0, 2, 4, 6, 8, 10, 12, 14, 16, 18, 20, 22, 24, 26, 28, 30, 32, 34, 36, 38, 40, 42, 44, 46, 48, 50, 52, 54, 56, 58, 60, 62, 64, 66, 68, 70, 72, 74, 76, 78, 80, 82, 84, 86, 88, 90, 92, 94, 96, 98, 1, 3, 5, 7, 9, 11, 13, 15, 17, 19, 21, 23, 25, 27, 29, 31, 33, 35, 37, 39, 41, 43, 45, 47, 49, 51, 53, 55, 57, 59, 61, 63, 65, 67, 69, 71, 73, 75, 77, 79, 81, 83, 85, 87, 89, 91, 93, 95, 97, 99], Nombre de pas: 100
Résultat du lancement de l'algo: 
Fitness obtenue: 22119662 après 98 pas
Nombre de fitness calculé en tout: 179000
Placement pour chaque équipement obtenu: [36, 28, 4, 22, 50, 82, 12, 26, 2, 20, 30, 8, 44, 52, 32, 56, 88, 18, 0, 38, 40, 1, 10, 21, 48, 60, 6, 54, 76, 58, 14, 16, 34, 24, 78, 72, 62, 68, 42, 80, 74, 46, 11, 86, 66, 90, 3, 23, 96, 98, 67, 92, 5, 29, 39, 84, 17, 15, 13, 19, 64, 27, 25, 94, 37, 57, 33, 70, 7, 9, 41, 43, 47, 81, 87, 51, 63, 55, 31, 59, 61, 53, 45, 35, 69, 85, 73, 95, 77, 79, 65, 75, 71, 49, 89, 91, 93, 83, 97, 99]
----------------------------------------------------------------------------------
Temps d'exécution :0:52:23.059614
Les paramètres: 
La plaquette: [0, 1, 2, 3, 4, 5, 6, 7, 8, 9, 10, 11, 12, 13, 14, 15, 16, 17, 18, 19, 20, 21, 22, 23, 24, 25, 26, 27, 28, 29, 30, 31, 32, 33, 34, 35, 36, 37, 38, 39, 40, 41, 42, 43, 44, 45, 46, 47, 48, 49, 50, 51, 52, 53, 54, 55, 56, 57, 58, 59, 60, 61, 62, 63, 64, 65, 66, 67, 68, 69, 70, 71, 72, 73, 74, 75, 76, 77, 78, 79, 80, 81, 82, 83, 84, 85, 86, 87, 88, 89, 90, 91, 92, 93, 94, 95, 96, 97, 98, 99], Nombre de pas: 250
Résultat du lancement de l'algo: 
Fitness obtenue: 22181774 après 248 pas
Nombre de fitness calculé en tout: 447500
Placement pour chaque équipement obtenu: [0, 10, 8, 3, 4, 25, 24, 6, 26, 9, 1, 17, 12, 13, 34, 15, 16, 11, 36, 19, 20, 59, 32, 2, 7, 5, 14, 27, 28, 48, 46, 23, 22, 21, 31, 18, 35, 37, 38, 39, 40, 33, 42, 43, 44, 45, 47, 30, 29, 49, 53, 84, 50, 52, 61, 55, 54, 57, 58, 41, 63, 56, 62, 70, 80, 71, 66, 75, 68, 65, 60, 95, 94, 73, 74, 79, 72, 77, 78, 81, 67, 51, 99, 82, 69, 96, 98, 64, 88, 89, 90, 91, 92, 93, 76, 86, 85, 97, 87, 83]
----------------------------------------------------------------------------------
Temps d'exécution :0:53:19.444772
Les paramètres: 
La plaquette: [99, 98, 97, 96, 95, 94, 93, 92, 91, 90, 89, 88, 87, 86, 85, 84, 83, 82, 81, 80, 79, 78, 77, 76, 75, 74, 73, 72, 71, 70, 69, 68, 67, 66, 65, 64, 63, 62, 61, 60, 59, 58, 57, 56, 55, 54, 53, 52, 51, 50, 49, 48, 47, 46, 45, 44, 43, 42, 41, 40, 39, 38, 37, 36, 35, 34, 33, 32, 31, 30, 29, 28, 27, 26, 25, 24, 23, 22, 21, 20, 19, 18, 17, 16, 15, 14, 13, 12, 11, 10, 9, 8, 7, 6, 5, 4, 3, 2, 1, 0], Nombre de pas: 250
Résultat du lancement de l'algo: 
Fitness obtenue: 22278842 après 248 pas
Nombre de fitness calculé en tout: 446490
Placement pour chaque équipement obtenu: [99, 79, 88, 94, 95, 87, 83, 85, 91, 76, 69, 98, 96, 86, 92, 84, 75, 70, 73, 61, 97, 78, 77, 90, 93, 81, 71, 72, 74, 82, 89, 68, 57, 13, 65, 62, 63, 64, 80, 60, 59, 58, 67, 56, 41, 54, 40, 52, 51, 38, 49, 66, 47, 46, 34, 44, 43, 42, 55, 53, 39, 50, 26, 35, 11, 6, 33, 29, 31, 20, 45, 15, 36, 37, 25, 24, 23, 32, 21, 48, 3, 18, 5, 9, 28, 0, 30, 12, 7, 2, 16, 8, 27, 4, 17, 22, 19, 10, 1, 14]
----------------------------------------------------------------------------------
Temps d'exécution :0:54:18.268408
Les paramètres: 
La plaquette: [0, 2, 4, 6, 8, 10, 12, 14, 16, 18, 20, 22, 24, 26, 28, 30, 32, 34, 36, 38, 40, 42, 44, 46, 48, 50, 52, 54, 56, 58, 60, 62, 64, 66, 68, 70, 72, 74, 76, 78, 80, 82, 84, 86, 88, 90, 92, 94, 96, 98, 1, 3, 5, 7, 9, 11, 13, 15, 17, 19, 21, 23, 25, 27, 29, 31, 33, 35, 37, 39, 41, 43, 45, 47, 49, 51, 53, 55, 57, 59, 61, 63, 65, 67, 69, 71, 73, 75, 77, 79, 81, 83, 85, 87, 89, 91, 93, 95, 97, 99], Nombre de pas: 250
Résultat du lancement de l'algo: 
Fitness obtenue: 22119662 après 248 pas
Nombre de fitness calculé en tout: 447500
Placement pour chaque équipement obtenu: [36, 28, 4, 22, 50, 82, 12, 26, 2, 20, 30, 8, 44, 52, 32, 56, 88, 18, 0, 38, 40, 1, 10, 21, 48, 60, 6, 54, 76, 58, 14, 16, 34, 24, 78, 72, 62, 68, 42, 80, 74, 46, 11, 86, 66, 90, 3, 23, 96, 98, 67, 92, 5, 29, 39, 84, 17, 15, 13, 19, 64, 27, 25, 94, 37, 57, 33, 70, 7, 9, 41, 43, 47, 81, 87, 51, 63, 55, 31, 59, 61, 53, 45, 35, 69, 85, 73, 95, 77, 79, 65, 75, 71, 49, 89, 91, 93, 83, 97, 99]
----------------------------------------------------------------------------------
Temps d'exécution :0:02:12.005852
Les paramètres: 
La plaquette: [0, 1, 2, 3, 4, 5, 6, 7, 8, 9, 10, 11, 12, 13, 14, 15, 16, 17, 18, 19, 20, 21, 22, 23, 24, 25, 26, 27, 28, 29, 30, 31, 32, 33, 34, 35, 36, 37, 38, 39, 40, 41, 42, 43, 44, 45, 46, 47, 48, 49, 50, 51, 52, 53, 54, 55, 56, 57, 58, 59, 60, 61, 62, 63, 64, 65, 66, 67, 68, 69, 70, 71, 72, 73, 74, 75, 76, 77, 78, 79, 80, 81, 82, 83, 84, 85, 86, 87, 88, 89, 90, 91, 92, 93, 94, 95, 96, 97, 98, 99], Nombre de pas: 10
Résultat du lancement de l'algo: 
Fitness obtenue: 23150338 après 9 pas
Nombre de fitness calculé en tout: 17900
Placement pour chaque équipement obtenu: [0, 10, 8, 3, 4, 25, 6, 7, 2, 9, 1, 17, 12, 13, 26, 15, 16, 11, 36, 19, 20, 33, 22, 23, 24, 5, 14, 27, 28, 29, 30, 31, 32, 21, 34, 18, 35, 37, 38, 39, 40, 41, 42, 43, 44, 45, 46, 47, 48, 49, 50, 51, 53, 52, 54, 55, 56, 57, 58, 59, 60, 61, 62, 63, 64, 65, 66, 67, 68, 69, 70, 71, 72, 73, 74, 75, 76, 77, 78, 79, 80, 81, 99, 83, 84, 85, 86, 87, 88, 89, 90, 91, 92, 93, 94, 95, 96, 97, 98, 82]
----------------------------------------------------------------------------------
Temps d'exécution :0:02:06.893533
Les paramètres: 
La plaquette: [99, 98, 97, 96, 95, 94, 93, 92, 91, 90, 89, 88, 87, 86, 85, 84, 83, 82, 81, 80, 79, 78, 77, 76, 75, 74, 73, 72, 71, 70, 69, 68, 67, 66, 65, 64, 63, 62, 61, 60, 59, 58, 57, 56, 55, 54, 53, 52, 51, 50, 49, 48, 47, 46, 45, 44, 43, 42, 41, 40, 39, 38, 37, 36, 35, 34, 33, 32, 31, 30, 29, 28, 27, 26, 25, 24, 23, 22, 21, 20, 19, 18, 17, 16, 15, 14, 13, 12, 11, 10, 9, 8, 7, 6, 5, 4, 3, 2, 1, 0], Nombre de pas: 10
Résultat du lancement de l'algo: 
Fitness obtenue: 23190036 après 9 pas
Nombre de fitness calculé en tout: 17900
Placement pour chaque équipement obtenu: [99, 98, 97, 96, 95, 94, 93, 85, 91, 90, 69, 88, 87, 86, 92, 84, 75, 82, 81, 61, 79, 78, 77, 76, 83, 74, 73, 72, 71, 70, 89, 68, 67, 66, 65, 64, 63, 62, 80, 60, 59, 58, 57, 56, 55, 54, 40, 52, 51, 50, 49, 13, 47, 46, 45, 44, 43, 42, 41, 53, 39, 38, 26, 36, 35, 34, 33, 29, 31, 48, 32, 28, 27, 37, 25, 24, 23, 22, 21, 20, 3, 18, 17, 16, 15, 14, 30, 12, 11, 10, 9, 8, 7, 6, 5, 4, 19, 2, 1, 0]
----------------------------------------------------------------------------------
Temps d'exécution :0:02:10.639511
Les paramètres: 
La plaquette: [0, 2, 4, 6, 8, 10, 12, 14, 16, 18, 20, 22, 24, 26, 28, 30, 32, 34, 36, 38, 40, 42, 44, 46, 48, 50, 52, 54, 56, 58, 60, 62, 64, 66, 68, 70, 72, 74, 76, 78, 80, 82, 84, 86, 88, 90, 92, 94, 96, 98, 1, 3, 5, 7, 9, 11, 13, 15, 17, 19, 21, 23, 25, 27, 29, 31, 33, 35, 37, 39, 41, 43, 45, 47, 49, 51, 53, 55, 57, 59, 61, 63, 65, 67, 69, 71, 73, 75, 77, 79, 81, 83, 85, 87, 89, 91, 93, 95, 97, 99], Nombre de pas: 10
Résultat du lancement de l'algo: 
Fitness obtenue: 23339196 après 9 pas
Nombre de fitness calculé en tout: 17900
Placement pour chaque équipement obtenu: [0, 2, 4, 6, 8, 10, 12, 14, 56, 18, 30, 22, 24, 26, 28, 20, 32, 34, 36, 38, 40, 42, 44, 46, 48, 50, 52, 54, 16, 58, 60, 62, 88, 66, 78, 1, 72, 74, 76, 68, 80, 82, 84, 86, 64, 90, 92, 94, 96, 98, 70, 3, 5, 7, 9, 11, 17, 15, 13, 19, 21, 27, 25, 23, 29, 57, 33, 35, 37, 39, 41, 43, 45, 47, 49, 51, 63, 55, 31, 59, 61, 53, 65, 67, 69, 71, 73, 75, 77, 79, 81, 95, 85, 87, 89, 91, 93, 83, 97, 99]
----------------------------------------------------------------------------------
Temps d'exécution :0:21:58.156637
Les paramètres: 
La plaquette: [0, 1, 2, 3, 4, 5, 6, 7, 8, 9, 10, 11, 12, 13, 14, 15, 16, 17, 18, 19, 20, 21, 22, 23, 24, 25, 26, 27, 28, 29, 30, 31, 32, 33, 34, 35, 36, 37, 38, 39, 40, 41, 42, 43, 44, 45, 46, 47, 48, 49, 50, 51, 52, 53, 54, 55, 56, 57, 58, 59, 60, 61, 62, 63, 64, 65, 66, 67, 68, 69, 70, 71, 72, 73, 74, 75, 76, 77, 78, 79, 80, 81, 82, 83, 84, 85, 86, 87, 88, 89, 90, 91, 92, 93, 94, 95, 96, 97, 98, 99], Nombre de pas: 100
Résultat du lancement de l'algo: 
Fitness obtenue: 22181774 après 98 pas
Nombre de fitness calculé en tout: 179000
Placement pour chaque équipement obtenu: [0, 10, 8, 3, 4, 25, 24, 6, 26, 9, 1, 17, 12, 13, 34, 15, 16, 11, 36, 19, 20, 59, 32, 2, 7, 5, 14, 27, 28, 48, 46, 23, 22, 21, 31, 18, 35, 37, 38, 39, 40, 33, 42, 43, 44, 45, 47, 30, 29, 49, 53, 84, 50, 52, 61, 55, 54, 57, 58, 41, 63, 56, 62, 70, 80, 71, 66, 75, 68, 65, 60, 95, 94, 73, 74, 79, 72, 77, 78, 81, 67, 51, 99, 82, 69, 96, 98, 64, 88, 89, 90, 91, 92, 93, 76, 86, 85, 97, 87, 83]
----------------------------------------------------------------------------------
Temps d'exécution :0:21:42.460627
Les paramètres: 
La plaquette: [99, 98, 97, 96, 95, 94, 93, 92, 91, 90, 89, 88, 87, 86, 85, 84, 83, 82, 81, 80, 79, 78, 77, 76, 75, 74, 73, 72, 71, 70, 69, 68, 67, 66, 65, 64, 63, 62, 61, 60, 59, 58, 57, 56, 55, 54, 53, 52, 51, 50, 49, 48, 47, 46, 45, 44, 43, 42, 41, 40, 39, 38, 37, 36, 35, 34, 33, 32, 31, 30, 29, 28, 27, 26, 25, 24, 23, 22, 21, 20, 19, 18, 17, 16, 15, 14, 13, 12, 11, 10, 9, 8, 7, 6, 5, 4, 3, 2, 1, 0], Nombre de pas: 100
Résultat du lancement de l'algo: 
Fitness obtenue: 22278842 après 98 pas
Nombre de fitness calculé en tout: 178530
Placement pour chaque équipement obtenu: [99, 79, 88, 94, 95, 87, 83, 85, 91, 76, 69, 98, 96, 86, 92, 84, 75, 70, 73, 61, 97, 78, 77, 90, 93, 81, 71, 72, 74, 82, 89, 68, 57, 13, 65, 62, 63, 64, 80, 60, 59, 58, 67, 56, 41, 54, 40, 52, 51, 38, 49, 66, 47, 46, 34, 44, 43, 42, 55, 53, 39, 50, 26, 35, 11, 6, 33, 29, 31, 20, 45, 15, 36, 37, 25, 24, 23, 32, 21, 48, 3, 18, 5, 9, 28, 0, 30, 12, 7, 2, 16, 8, 27, 4, 17, 22, 19, 10, 1, 14]
----------------------------------------------------------------------------------
Temps d'exécution :0:21:55.625372
Les paramètres: 
La plaquette: [0, 2, 4, 6, 8, 10, 12, 14, 16, 18, 20, 22, 24, 26, 28, 30, 32, 34, 36, 38, 40, 42, 44, 46, 48, 50, 52, 54, 56, 58, 60, 62, 64, 66, 68, 70, 72, 74, 76, 78, 80, 82, 84, 86, 88, 90, 92, 94, 96, 98, 1, 3, 5, 7, 9, 11, 13, 15, 17, 19, 21, 23, 25, 27, 29, 31, 33, 35, 37, 39, 41, 43, 45, 47, 49, 51, 53, 55, 57, 59, 61, 63, 65, 67, 69, 71, 73, 75, 77, 79, 81, 83, 85, 87, 89, 91, 93, 95, 97, 99], Nombre de pas: 100
Résultat du lancement de l'algo: 
Fitness obtenue: 22119662 après 98 pas
Nombre de fitness calculé en tout: 179000
Placement pour chaque équipement obtenu: [36, 28, 4, 22, 50, 82, 12, 26, 2, 20, 30, 8, 44, 52, 32, 56, 88, 18, 0, 38, 40, 1, 10, 21, 48, 60, 6, 54, 76, 58, 14, 16, 34, 24, 78, 72, 62, 68, 42, 80, 74, 46, 11, 86, 66, 90, 3, 23, 96, 98, 67, 92, 5, 29, 39, 84, 17, 15, 13, 19, 64, 27, 25, 94, 37, 57, 33, 70, 7, 9, 41, 43, 47, 81, 87, 51, 63, 55, 31, 59, 61, 53, 45, 35, 69, 85, 73, 95, 77, 79, 65, 75, 71, 49, 89, 91, 93, 83, 97, 99]
----------------------------------------------------------------------------------
Temps d'exécution :0:54:28.830151
Les paramètres: 
La plaquette: [0, 1, 2, 3, 4, 5, 6, 7, 8, 9, 10, 11, 12, 13, 14, 15, 16, 17, 18, 19, 20, 21, 22, 23, 24, 25, 26, 27, 28, 29, 30, 31, 32, 33, 34, 35, 36, 37, 38, 39, 40, 41, 42, 43, 44, 45, 46, 47, 48, 49, 50, 51, 52, 53, 54, 55, 56, 57, 58, 59, 60, 61, 62, 63, 64, 65, 66, 67, 68, 69, 70, 71, 72, 73, 74, 75, 76, 77, 78, 79, 80, 81, 82, 83, 84, 85, 86, 87, 88, 89, 90, 91, 92, 93, 94, 95, 96, 97, 98, 99], Nombre de pas: 250
Résultat du lancement de l'algo: 
Fitness obtenue: 22181774 après 248 pas
Nombre de fitness calculé en tout: 447500
Placement pour chaque équipement obtenu: [0, 10, 8, 3, 4, 25, 24, 6, 26, 9, 1, 17, 12, 13, 34, 15, 16, 11, 36, 19, 20, 59, 32, 2, 7, 5, 14, 27, 28, 48, 46, 23, 22, 21, 31, 18, 35, 37, 38, 39, 40, 33, 42, 43, 44, 45, 47, 30, 29, 49, 53, 84, 50, 52, 61, 55, 54, 57, 58, 41, 63, 56, 62, 70, 80, 71, 66, 75, 68, 65, 60, 95, 94, 73, 74, 79, 72, 77, 78, 81, 67, 51, 99, 82, 69, 96, 98, 64, 88, 89, 90, 91, 92, 93, 76, 86, 85, 97, 87, 83]
----------------------------------------------------------------------------------
Temps d'exécution :0:53:14.414230
Les paramètres: 
La plaquette: [99, 98, 97, 96, 95, 94, 93, 92, 91, 90, 89, 88, 87, 86, 85, 84, 83, 82, 81, 80, 79, 78, 77, 76, 75, 74, 73, 72, 71, 70, 69, 68, 67, 66, 65, 64, 63, 62, 61, 60, 59, 58, 57, 56, 55, 54, 53, 52, 51, 50, 49, 48, 47, 46, 45, 44, 43, 42, 41, 40, 39, 38, 37, 36, 35, 34, 33, 32, 31, 30, 29, 28, 27, 26, 25, 24, 23, 22, 21, 20, 19, 18, 17, 16, 15, 14, 13, 12, 11, 10, 9, 8, 7, 6, 5, 4, 3, 2, 1, 0], Nombre de pas: 250
Résultat du lancement de l'algo: 
Fitness obtenue: 22278842 après 248 pas
Nombre de fitness calculé en tout: 445530
Placement pour chaque équipement obtenu: [99, 79, 88, 94, 95, 87, 83, 85, 91, 76, 69, 98, 96, 86, 92, 84, 75, 70, 73, 61, 97, 78, 77, 90, 93, 81, 71, 72, 74, 82, 89, 68, 57, 13, 65, 62, 63, 64, 80, 60, 59, 58, 67, 56, 41, 54, 40, 52, 51, 38, 49, 66, 47, 46, 34, 44, 43, 42, 55, 53, 39, 50, 26, 35, 11, 6, 33, 29, 31, 20, 45, 15, 36, 37, 25, 24, 23, 32, 21, 48, 3, 18, 5, 9, 28, 0, 30, 12, 7, 2, 16, 8, 27, 4, 17, 22, 19, 10, 1, 14]
----------------------------------------------------------------------------------
Temps d'exécution :0:54:15.958586
Les paramètres: 
La plaquette: [0, 2, 4, 6, 8, 10, 12, 14, 16, 18, 20, 22, 24, 26, 28, 30, 32, 34, 36, 38, 40, 42, 44, 46, 48, 50, 52, 54, 56, 58, 60, 62, 64, 66, 68, 70, 72, 74, 76, 78, 80, 82, 84, 86, 88, 90, 92, 94, 96, 98, 1, 3, 5, 7, 9, 11, 13, 15, 17, 19, 21, 23, 25, 27, 29, 31, 33, 35, 37, 39, 41, 43, 45, 47, 49, 51, 53, 55, 57, 59, 61, 63, 65, 67, 69, 71, 73, 75, 77, 79, 81, 83, 85, 87, 89, 91, 93, 95, 97, 99], Nombre de pas: 250
Résultat du lancement de l'algo: 
Fitness obtenue: 22119662 après 248 pas
Nombre de fitness calculé en tout: 447500
Placement pour chaque équipement obtenu: [36, 28, 4, 22, 50, 82, 12, 26, 2, 20, 30, 8, 44, 52, 32, 56, 88, 18, 0, 38, 40, 1, 10, 21, 48, 60, 6, 54, 76, 58, 14, 16, 34, 24, 78, 72, 62, 68, 42, 80, 74, 46, 11, 86, 66, 90, 3, 23, 96, 98, 67, 92, 5, 29, 39, 84, 17, 15, 13, 19, 64, 27, 25, 94, 37, 57, 33, 70, 7, 9, 41, 43, 47, 81, 87, 51, 63, 55, 31, 59, 61, 53, 45, 35, 69, 85, 73, 95, 77, 79, 65, 75, 71, 49, 89, 91, 93, 83, 97, 99]
----------------------------------------------------------------------------------
Temps d'exécution :0:02:11.484250
Les paramètres: 
La plaquette: [0, 1, 2, 3, 4, 5, 6, 7, 8, 9, 10, 11, 12, 13, 14, 15, 16, 17, 18, 19, 20, 21, 22, 23, 24, 25, 26, 27, 28, 29, 30, 31, 32, 33, 34, 35, 36, 37, 38, 39, 40, 41, 42, 43, 44, 45, 46, 47, 48, 49, 50, 51, 52, 53, 54, 55, 56, 57, 58, 59, 60, 61, 62, 63, 64, 65, 66, 67, 68, 69, 70, 71, 72, 73, 74, 75, 76, 77, 78, 79, 80, 81, 82, 83, 84, 85, 86, 87, 88, 89, 90, 91, 92, 93, 94, 95, 96, 97, 98, 99], Nombre de pas: 10
Résultat du lancement de l'algo: 
Fitness obtenue: 23150338 après 9 pas
Nombre de fitness calculé en tout: 17900
Placement pour chaque équipement obtenu: [0, 10, 8, 3, 4, 25, 6, 7, 2, 9, 1, 17, 12, 13, 26, 15, 16, 11, 36, 19, 20, 33, 22, 23, 24, 5, 14, 27, 28, 29, 30, 31, 32, 21, 34, 18, 35, 37, 38, 39, 40, 41, 42, 43, 44, 45, 46, 47, 48, 49, 50, 51, 53, 52, 54, 55, 56, 57, 58, 59, 60, 61, 62, 63, 64, 65, 66, 67, 68, 69, 70, 71, 72, 73, 74, 75, 76, 77, 78, 79, 80, 81, 99, 83, 84, 85, 86, 87, 88, 89, 90, 91, 92, 93, 94, 95, 96, 97, 98, 82]
----------------------------------------------------------------------------------
Temps d'exécution :0:02:12.452661
Les paramètres: 
La plaquette: [99, 98, 97, 96, 95, 94, 93, 92, 91, 90, 89, 88, 87, 86, 85, 84, 83, 82, 81, 80, 79, 78, 77, 76, 75, 74, 73, 72, 71, 70, 69, 68, 67, 66, 65, 64, 63, 62, 61, 60, 59, 58, 57, 56, 55, 54, 53, 52, 51, 50, 49, 48, 47, 46, 45, 44, 43, 42, 41, 40, 39, 38, 37, 36, 35, 34, 33, 32, 31, 30, 29, 28, 27, 26, 25, 24, 23, 22, 21, 20, 19, 18, 17, 16, 15, 14, 13, 12, 11, 10, 9, 8, 7, 6, 5, 4, 3, 2, 1, 0], Nombre de pas: 10
Résultat du lancement de l'algo: 
Fitness obtenue: 23190036 après 9 pas
Nombre de fitness calculé en tout: 17900
Placement pour chaque équipement obtenu: [99, 98, 97, 96, 95, 94, 93, 85, 91, 90, 69, 88, 87, 86, 92, 84, 75, 82, 81, 61, 79, 78, 77, 76, 83, 74, 73, 72, 71, 70, 89, 68, 67, 66, 65, 64, 63, 62, 80, 60, 59, 58, 57, 56, 55, 54, 40, 52, 51, 50, 49, 13, 47, 46, 45, 44, 43, 42, 41, 53, 39, 38, 26, 36, 35, 34, 33, 29, 31, 48, 32, 28, 27, 37, 25, 24, 23, 22, 21, 20, 3, 18, 17, 16, 15, 14, 30, 12, 11, 10, 9, 8, 7, 6, 5, 4, 19, 2, 1, 0]
----------------------------------------------------------------------------------
Temps d'exécution :0:02:10.933723
Les paramètres: 
La plaquette: [0, 2, 4, 6, 8, 10, 12, 14, 16, 18, 20, 22, 24, 26, 28, 30, 32, 34, 36, 38, 40, 42, 44, 46, 48, 50, 52, 54, 56, 58, 60, 62, 64, 66, 68, 70, 72, 74, 76, 78, 80, 82, 84, 86, 88, 90, 92, 94, 96, 98, 1, 3, 5, 7, 9, 11, 13, 15, 17, 19, 21, 23, 25, 27, 29, 31, 33, 35, 37, 39, 41, 43, 45, 47, 49, 51, 53, 55, 57, 59, 61, 63, 65, 67, 69, 71, 73, 75, 77, 79, 81, 83, 85, 87, 89, 91, 93, 95, 97, 99], Nombre de pas: 10
Résultat du lancement de l'algo: 
Fitness obtenue: 23339196 après 9 pas
Nombre de fitness calculé en tout: 17900
Placement pour chaque équipement obtenu: [0, 2, 4, 6, 8, 10, 12, 14, 56, 18, 30, 22, 24, 26, 28, 20, 32, 34, 36, 38, 40, 42, 44, 46, 48, 50, 52, 54, 16, 58, 60, 62, 88, 66, 78, 1, 72, 74, 76, 68, 80, 82, 84, 86, 64, 90, 92, 94, 96, 98, 70, 3, 5, 7, 9, 11, 17, 15, 13, 19, 21, 27, 25, 23, 29, 57, 33, 35, 37, 39, 41, 43, 45, 47, 49, 51, 63, 55, 31, 59, 61, 53, 65, 67, 69, 71, 73, 75, 77, 79, 81, 95, 85, 87, 89, 91, 93, 83, 97, 99]
----------------------------------------------------------------------------------
Temps d'exécution :0:22:06.649917
Les paramètres: 
La plaquette: [0, 1, 2, 3, 4, 5, 6, 7, 8, 9, 10, 11, 12, 13, 14, 15, 16, 17, 18, 19, 20, 21, 22, 23, 24, 25, 26, 27, 28, 29, 30, 31, 32, 33, 34, 35, 36, 37, 38, 39, 40, 41, 42, 43, 44, 45, 46, 47, 48, 49, 50, 51, 52, 53, 54, 55, 56, 57, 58, 59, 60, 61, 62, 63, 64, 65, 66, 67, 68, 69, 70, 71, 72, 73, 74, 75, 76, 77, 78, 79, 80, 81, 82, 83, 84, 85, 86, 87, 88, 89, 90, 91, 92, 93, 94, 95, 96, 97, 98, 99], Nombre de pas: 100
Résultat du lancement de l'algo: 
Fitness obtenue: 22181774 après 98 pas
Nombre de fitness calculé en tout: 179000
Placement pour chaque équipement obtenu: [0, 10, 8, 3, 4, 25, 24, 6, 26, 9, 1, 17, 12, 13, 34, 15, 16, 11, 36, 19, 20, 59, 32, 2, 7, 5, 14, 27, 28, 48, 46, 23, 22, 21, 31, 18, 35, 37, 38, 39, 40, 33, 42, 43, 44, 45, 47, 30, 29, 49, 53, 84, 50, 52, 61, 55, 54, 57, 58, 41, 63, 56, 62, 70, 80, 71, 66, 75, 68, 65, 60, 95, 94, 73, 74, 79, 72, 77, 78, 81, 67, 51, 99, 82, 69, 96, 98, 64, 88, 89, 90, 91, 92, 93, 76, 86, 85, 97, 87, 83]
----------------------------------------------------------------------------------
Temps d'exécution :0:22:08.270580
Les paramètres: 
La plaquette: [99, 98, 97, 96, 95, 94, 93, 92, 91, 90, 89, 88, 87, 86, 85, 84, 83, 82, 81, 80, 79, 78, 77, 76, 75, 74, 73, 72, 71, 70, 69, 68, 67, 66, 65, 64, 63, 62, 61, 60, 59, 58, 57, 56, 55, 54, 53, 52, 51, 50, 49, 48, 47, 46, 45, 44, 43, 42, 41, 40, 39, 38, 37, 36, 35, 34, 33, 32, 31, 30, 29, 28, 27, 26, 25, 24, 23, 22, 21, 20, 19, 18, 17, 16, 15, 14, 13, 12, 11, 10, 9, 8, 7, 6, 5, 4, 3, 2, 1, 0], Nombre de pas: 100
Résultat du lancement de l'algo: 
Fitness obtenue: 22278842 après 98 pas
Nombre de fitness calculé en tout: 178398
Placement pour chaque équipement obtenu: [99, 79, 88, 94, 95, 87, 83, 85, 91, 76, 69, 98, 96, 86, 92, 84, 75, 70, 73, 61, 97, 78, 77, 90, 93, 81, 71, 72, 74, 82, 89, 68, 57, 13, 65, 62, 63, 64, 80, 60, 59, 58, 67, 56, 41, 54, 40, 52, 51, 38, 49, 66, 47, 46, 34, 44, 43, 42, 55, 53, 39, 50, 26, 35, 11, 6, 33, 29, 31, 20, 45, 15, 36, 37, 25, 24, 23, 32, 21, 48, 3, 18, 5, 9, 28, 0, 30, 12, 7, 2, 16, 8, 27, 4, 17, 22, 19, 10, 1, 14]
----------------------------------------------------------------------------------
Temps d'exécution :0:22:19.642158
Les paramètres: 
La plaquette: [0, 2, 4, 6, 8, 10, 12, 14, 16, 18, 20, 22, 24, 26, 28, 30, 32, 34, 36, 38, 40, 42, 44, 46, 48, 50, 52, 54, 56, 58, 60, 62, 64, 66, 68, 70, 72, 74, 76, 78, 80, 82, 84, 86, 88, 90, 92, 94, 96, 98, 1, 3, 5, 7, 9, 11, 13, 15, 17, 19, 21, 23, 25, 27, 29, 31, 33, 35, 37, 39, 41, 43, 45, 47, 49, 51, 53, 55, 57, 59, 61, 63, 65, 67, 69, 71, 73, 75, 77, 79, 81, 83, 85, 87, 89, 91, 93, 95, 97, 99], Nombre de pas: 100
Résultat du lancement de l'algo: 
Fitness obtenue: 22119662 après 98 pas
Nombre de fitness calculé en tout: 179000
Placement pour chaque équipement obtenu: [36, 28, 4, 22, 50, 82, 12, 26, 2, 20, 30, 8, 44, 52, 32, 56, 88, 18, 0, 38, 40, 1, 10, 21, 48, 60, 6, 54, 76, 58, 14, 16, 34, 24, 78, 72, 62, 68, 42, 80, 74, 46, 11, 86, 66, 90, 3, 23, 96, 98, 67, 92, 5, 29, 39, 84, 17, 15, 13, 19, 64, 27, 25, 94, 37, 57, 33, 70, 7, 9, 41, 43, 47, 81, 87, 51, 63, 55, 31, 59, 61, 53, 45, 35, 69, 85, 73, 95, 77, 79, 65, 75, 71, 49, 89, 91, 93, 83, 97, 99]
----------------------------------------------------------------------------------
Temps d'exécution :0:55:02.546953
Les paramètres: 
La plaquette: [0, 1, 2, 3, 4, 5, 6, 7, 8, 9, 10, 11, 12, 13, 14, 15, 16, 17, 18, 19, 20, 21, 22, 23, 24, 25, 26, 27, 28, 29, 30, 31, 32, 33, 34, 35, 36, 37, 38, 39, 40, 41, 42, 43, 44, 45, 46, 47, 48, 49, 50, 51, 52, 53, 54, 55, 56, 57, 58, 59, 60, 61, 62, 63, 64, 65, 66, 67, 68, 69, 70, 71, 72, 73, 74, 75, 76, 77, 78, 79, 80, 81, 82, 83, 84, 85, 86, 87, 88, 89, 90, 91, 92, 93, 94, 95, 96, 97, 98, 99], Nombre de pas: 250
Résultat du lancement de l'algo: 
Fitness obtenue: 22181774 après 248 pas
Nombre de fitness calculé en tout: 447500
Placement pour chaque équipement obtenu: [0, 10, 8, 3, 4, 25, 24, 6, 26, 9, 1, 17, 12, 13, 34, 15, 16, 11, 36, 19, 20, 59, 32, 2, 7, 5, 14, 27, 28, 48, 46, 23, 22, 21, 31, 18, 35, 37, 38, 39, 40, 33, 42, 43, 44, 45, 47, 30, 29, 49, 53, 84, 50, 52, 61, 55, 54, 57, 58, 41, 63, 56, 62, 70, 80, 71, 66, 75, 68, 65, 60, 95, 94, 73, 74, 79, 72, 77, 78, 81, 67, 51, 99, 82, 69, 96, 98, 64, 88, 89, 90, 91, 92, 93, 76, 86, 85, 97, 87, 83]
----------------------------------------------------------------------------------
Temps d'exécution :0:54:40.903854
Les paramètres: 
La plaquette: [99, 98, 97, 96, 95, 94, 93, 92, 91, 90, 89, 88, 87, 86, 85, 84, 83, 82, 81, 80, 79, 78, 77, 76, 75, 74, 73, 72, 71, 70, 69, 68, 67, 66, 65, 64, 63, 62, 61, 60, 59, 58, 57, 56, 55, 54, 53, 52, 51, 50, 49, 48, 47, 46, 45, 44, 43, 42, 41, 40, 39, 38, 37, 36, 35, 34, 33, 32, 31, 30, 29, 28, 27, 26, 25, 24, 23, 22, 21, 20, 19, 18, 17, 16, 15, 14, 13, 12, 11, 10, 9, 8, 7, 6, 5, 4, 3, 2, 1, 0], Nombre de pas: 250
Résultat du lancement de l'algo: 
Fitness obtenue: 22278842 après 248 pas
Nombre de fitness calculé en tout: 444798
Placement pour chaque équipement obtenu: [99, 79, 88, 94, 95, 87, 83, 85, 91, 76, 69, 98, 96, 86, 92, 84, 75, 70, 73, 61, 97, 78, 77, 90, 93, 81, 71, 72, 74, 82, 89, 68, 57, 13, 65, 62, 63, 64, 80, 60, 59, 58, 67, 56, 41, 54, 40, 52, 51, 38, 49, 66, 47, 46, 34, 44, 43, 42, 55, 53, 39, 50, 26, 35, 11, 6, 33, 29, 31, 20, 45, 15, 36, 37, 25, 24, 23, 32, 21, 48, 3, 18, 5, 9, 28, 0, 30, 12, 7, 2, 16, 8, 27, 4, 17, 22, 19, 10, 1, 14]
----------------------------------------------------------------------------------
Temps d'exécution :0:01:52.613429
Les paramètres: 
La plaquette: [0, 1, 2, 3, 4, 5, 6, 7, 8, 9, 10, 11, 12, 13, 14, 15, 16, 17, 18, 19, 20, 21, 22, 23, 24, 25, 26, 27, 28, 29, 30, 31, 32, 33, 34, 35, 36, 37, 38, 39, 40, 41, 42, 43, 44, 45, 46, 47, 48, 49, 50, 51, 52, 53, 54, 55, 56, 57, 58, 59, 60, 61, 62, 63, 64, 65, 66, 67, 68, 69, 70, 71, 72, 73, 74, 75, 76, 77, 78, 79, 80, 81, 82, 83, 84, 85, 86, 87, 88, 89, 90, 91, 92, 93, 94, 95, 96, 97, 98, 99], Nombre de pas: 10
Résultat du lancement de l'algo: 
Fitness obtenue: 23150338 après 9 pas
Nombre de fitness calculé en tout: 17900
Placement pour chaque équipement obtenu: [0, 10, 8, 3, 4, 25, 6, 7, 2, 9, 1, 17, 12, 13, 26, 15, 16, 11, 36, 19, 20, 33, 22, 23, 24, 5, 14, 27, 28, 29, 30, 31, 32, 21, 34, 18, 35, 37, 38, 39, 40, 41, 42, 43, 44, 45, 46, 47, 48, 49, 50, 51, 53, 52, 54, 55, 56, 57, 58, 59, 60, 61, 62, 63, 64, 65, 66, 67, 68, 69, 70, 71, 72, 73, 74, 75, 76, 77, 78, 79, 80, 81, 99, 83, 84, 85, 86, 87, 88, 89, 90, 91, 92, 93, 94, 95, 96, 97, 98, 82]
----------------------------------------------------------------------------------
Temps d'exécution :0:02:11.190401
Les paramètres: 
La plaquette: [99, 98, 97, 96, 95, 94, 93, 92, 91, 90, 89, 88, 87, 86, 85, 84, 83, 82, 81, 80, 79, 78, 77, 76, 75, 74, 73, 72, 71, 70, 69, 68, 67, 66, 65, 64, 63, 62, 61, 60, 59, 58, 57, 56, 55, 54, 53, 52, 51, 50, 49, 48, 47, 46, 45, 44, 43, 42, 41, 40, 39, 38, 37, 36, 35, 34, 33, 32, 31, 30, 29, 28, 27, 26, 25, 24, 23, 22, 21, 20, 19, 18, 17, 16, 15, 14, 13, 12, 11, 10, 9, 8, 7, 6, 5, 4, 3, 2, 1, 0], Nombre de pas: 10
Résultat du lancement de l'algo: 
Fitness obtenue: 23190036 après 9 pas
Nombre de fitness calculé en tout: 17900
Placement pour chaque équipement obtenu: [99, 98, 97, 96, 95, 94, 93, 85, 91, 90, 69, 88, 87, 86, 92, 84, 75, 82, 81, 61, 79, 78, 77, 76, 83, 74, 73, 72, 71, 70, 89, 68, 67, 66, 65, 64, 63, 62, 80, 60, 59, 58, 57, 56, 55, 54, 40, 52, 51, 50, 49, 13, 47, 46, 45, 44, 43, 42, 41, 53, 39, 38, 26, 36, 35, 34, 33, 29, 31, 48, 32, 28, 27, 37, 25, 24, 23, 22, 21, 20, 3, 18, 17, 16, 15, 14, 30, 12, 11, 10, 9, 8, 7, 6, 5, 4, 19, 2, 1, 0]
----------------------------------------------------------------------------------
Temps d'exécution :0:02:15.647045
Les paramètres: 
La plaquette: [0, 2, 4, 6, 8, 10, 12, 14, 16, 18, 20, 22, 24, 26, 28, 30, 32, 34, 36, 38, 40, 42, 44, 46, 48, 50, 52, 54, 56, 58, 60, 62, 64, 66, 68, 70, 72, 74, 76, 78, 80, 82, 84, 86, 88, 90, 92, 94, 96, 98, 1, 3, 5, 7, 9, 11, 13, 15, 17, 19, 21, 23, 25, 27, 29, 31, 33, 35, 37, 39, 41, 43, 45, 47, 49, 51, 53, 55, 57, 59, 61, 63, 65, 67, 69, 71, 73, 75, 77, 79, 81, 83, 85, 87, 89, 91, 93, 95, 97, 99], Nombre de pas: 10
Résultat du lancement de l'algo: 
Fitness obtenue: 23339196 après 9 pas
Nombre de fitness calculé en tout: 17900
Placement pour chaque équipement obtenu: [0, 2, 4, 6, 8, 10, 12, 14, 56, 18, 30, 22, 24, 26, 28, 20, 32, 34, 36, 38, 40, 42, 44, 46, 48, 50, 52, 54, 16, 58, 60, 62, 88, 66, 78, 1, 72, 74, 76, 68, 80, 82, 84, 86, 64, 90, 92, 94, 96, 98, 70, 3, 5, 7, 9, 11, 17, 15, 13, 19, 21, 27, 25, 23, 29, 57, 33, 35, 37, 39, 41, 43, 45, 47, 49, 51, 63, 55, 31, 59, 61, 53, 65, 67, 69, 71, 73, 75, 77, 79, 81, 95, 85, 87, 89, 91, 93, 83, 97, 99]
----------------------------------------------------------------------------------
Temps d'exécution :0:24:29.094301
Les paramètres: 
La plaquette: [0, 1, 2, 3, 4, 5, 6, 7, 8, 9, 10, 11, 12, 13, 14, 15, 16, 17, 18, 19, 20, 21, 22, 23, 24, 25, 26, 27, 28, 29, 30, 31, 32, 33, 34, 35, 36, 37, 38, 39, 40, 41, 42, 43, 44, 45, 46, 47, 48, 49, 50, 51, 52, 53, 54, 55, 56, 57, 58, 59, 60, 61, 62, 63, 64, 65, 66, 67, 68, 69, 70, 71, 72, 73, 74, 75, 76, 77, 78, 79, 80, 81, 82, 83, 84, 85, 86, 87, 88, 89, 90, 91, 92, 93, 94, 95, 96, 97, 98, 99], Nombre de pas: 100
Résultat du lancement de l'algo: 
Fitness obtenue: 22181774 après 98 pas
Nombre de fitness calculé en tout: 179000
Placement pour chaque équipement obtenu: [0, 10, 8, 3, 4, 25, 24, 6, 26, 9, 1, 17, 12, 13, 34, 15, 16, 11, 36, 19, 20, 59, 32, 2, 7, 5, 14, 27, 28, 48, 46, 23, 22, 21, 31, 18, 35, 37, 38, 39, 40, 33, 42, 43, 44, 45, 47, 30, 29, 49, 53, 84, 50, 52, 61, 55, 54, 57, 58, 41, 63, 56, 62, 70, 80, 71, 66, 75, 68, 65, 60, 95, 94, 73, 74, 79, 72, 77, 78, 81, 67, 51, 99, 82, 69, 96, 98, 64, 88, 89, 90, 91, 92, 93, 76, 86, 85, 97, 87, 83]
----------------------------------------------------------------------------------
Temps d'exécution :0:22:26.936624
Les paramètres: 
La plaquette: [99, 98, 97, 96, 95, 94, 93, 92, 91, 90, 89, 88, 87, 86, 85, 84, 83, 82, 81, 80, 79, 78, 77, 76, 75, 74, 73, 72, 71, 70, 69, 68, 67, 66, 65, 64, 63, 62, 61, 60, 59, 58, 57, 56, 55, 54, 53, 52, 51, 50, 49, 48, 47, 46, 45, 44, 43, 42, 41, 40, 39, 38, 37, 36, 35, 34, 33, 32, 31, 30, 29, 28, 27, 26, 25, 24, 23, 22, 21, 20, 19, 18, 17, 16, 15, 14, 13, 12, 11, 10, 9, 8, 7, 6, 5, 4, 3, 2, 1, 0], Nombre de pas: 100
Résultat du lancement de l'algo: 
Fitness obtenue: 22278842 après 98 pas
Nombre de fitness calculé en tout: 178740
Placement pour chaque équipement obtenu: [99, 79, 88, 94, 95, 87, 83, 85, 91, 76, 69, 98, 96, 86, 92, 84, 75, 70, 73, 61, 97, 78, 77, 90, 93, 81, 71, 72, 74, 82, 89, 68, 57, 13, 65, 62, 63, 64, 80, 60, 59, 58, 67, 56, 41, 54, 40, 52, 51, 38, 49, 66, 47, 46, 34, 44, 43, 42, 55, 53, 39, 50, 26, 35, 11, 6, 33, 29, 31, 20, 45, 15, 36, 37, 25, 24, 23, 32, 21, 48, 3, 18, 5, 9, 28, 0, 30, 12, 7, 2, 16, 8, 27, 4, 17, 22, 19, 10, 1, 14]
----------------------------------------------------------------------------------
Temps d'exécution :0:20:28.668006
Les paramètres: 
La plaquette: [0, 2, 4, 6, 8, 10, 12, 14, 16, 18, 20, 22, 24, 26, 28, 30, 32, 34, 36, 38, 40, 42, 44, 46, 48, 50, 52, 54, 56, 58, 60, 62, 64, 66, 68, 70, 72, 74, 76, 78, 80, 82, 84, 86, 88, 90, 92, 94, 96, 98, 1, 3, 5, 7, 9, 11, 13, 15, 17, 19, 21, 23, 25, 27, 29, 31, 33, 35, 37, 39, 41, 43, 45, 47, 49, 51, 53, 55, 57, 59, 61, 63, 65, 67, 69, 71, 73, 75, 77, 79, 81, 83, 85, 87, 89, 91, 93, 95, 97, 99], Nombre de pas: 100
Résultat du lancement de l'algo: 
Fitness obtenue: 22119662 après 98 pas
Nombre de fitness calculé en tout: 179000
Placement pour chaque équipement obtenu: [36, 28, 4, 22, 50, 82, 12, 26, 2, 20, 30, 8, 44, 52, 32, 56, 88, 18, 0, 38, 40, 1, 10, 21, 48, 60, 6, 54, 76, 58, 14, 16, 34, 24, 78, 72, 62, 68, 42, 80, 74, 46, 11, 86, 66, 90, 3, 23, 96, 98, 67, 92, 5, 29, 39, 84, 17, 15, 13, 19, 64, 27, 25, 94, 37, 57, 33, 70, 7, 9, 41, 43, 47, 81, 87, 51, 63, 55, 31, 59, 61, 53, 45, 35, 69, 85, 73, 95, 77, 79, 65, 75, 71, 49, 89, 91, 93, 83, 97, 99]
----------------------------------------------------------------------------------
Temps d'exécution :0:46:15.095001
Les paramètres: 
La plaquette: [0, 1, 2, 3, 4, 5, 6, 7, 8, 9, 10, 11, 12, 13, 14, 15, 16, 17, 18, 19, 20, 21, 22, 23, 24, 25, 26, 27, 28, 29, 30, 31, 32, 33, 34, 35, 36, 37, 38, 39, 40, 41, 42, 43, 44, 45, 46, 47, 48, 49, 50, 51, 52, 53, 54, 55, 56, 57, 58, 59, 60, 61, 62, 63, 64, 65, 66, 67, 68, 69, 70, 71, 72, 73, 74, 75, 76, 77, 78, 79, 80, 81, 82, 83, 84, 85, 86, 87, 88, 89, 90, 91, 92, 93, 94, 95, 96, 97, 98, 99], Nombre de pas: 250
Résultat du lancement de l'algo: 
Fitness obtenue: 22181774 après 248 pas
Nombre de fitness calculé en tout: 447500
Placement pour chaque équipement obtenu: [0, 10, 8, 3, 4, 25, 24, 6, 26, 9, 1, 17, 12, 13, 34, 15, 16, 11, 36, 19, 20, 59, 32, 2, 7, 5, 14, 27, 28, 48, 46, 23, 22, 21, 31, 18, 35, 37, 38, 39, 40, 33, 42, 43, 44, 45, 47, 30, 29, 49, 53, 84, 50, 52, 61, 55, 54, 57, 58, 41, 63, 56, 62, 70, 80, 71, 66, 75, 68, 65, 60, 95, 94, 73, 74, 79, 72, 77, 78, 81, 67, 51, 99, 82, 69, 96, 98, 64, 88, 89, 90, 91, 92, 93, 76, 86, 85, 97, 87, 83]
----------------------------------------------------------------------------------
Temps d'exécution :0:45:09.367839
Les paramètres: 
La plaquette: [99, 98, 97, 96, 95, 94, 93, 92, 91, 90, 89, 88, 87, 86, 85, 84, 83, 82, 81, 80, 79, 78, 77, 76, 75, 74, 73, 72, 71, 70, 69, 68, 67, 66, 65, 64, 63, 62, 61, 60, 59, 58, 57, 56, 55, 54, 53, 52, 51, 50, 49, 48, 47, 46, 45, 44, 43, 42, 41, 40, 39, 38, 37, 36, 35, 34, 33, 32, 31, 30, 29, 28, 27, 26, 25, 24, 23, 22, 21, 20, 19, 18, 17, 16, 15, 14, 13, 12, 11, 10, 9, 8, 7, 6, 5, 4, 3, 2, 1, 0], Nombre de pas: 250
Résultat du lancement de l'algo: 
Fitness obtenue: 22278842 après 248 pas
Nombre de fitness calculé en tout: 446490
Placement pour chaque équipement obtenu: [99, 79, 88, 94, 95, 87, 83, 85, 91, 76, 69, 98, 96, 86, 92, 84, 75, 70, 73, 61, 97, 78, 77, 90, 93, 81, 71, 72, 74, 82, 89, 68, 57, 13, 65, 62, 63, 64, 80, 60, 59, 58, 67, 56, 41, 54, 40, 52, 51, 38, 49, 66, 47, 46, 34, 44, 43, 42, 55, 53, 39, 50, 26, 35, 11, 6, 33, 29, 31, 20, 45, 15, 36, 37, 25, 24, 23, 32, 21, 48, 3, 18, 5, 9, 28, 0, 30, 12, 7, 2, 16, 8, 27, 4, 17, 22, 19, 10, 1, 14]
----------------------------------------------------------------------------------
Temps d'exécution :0:47:34.831687
Les paramètres: 
La plaquette: [0, 2, 4, 6, 8, 10, 12, 14, 16, 18, 20, 22, 24, 26, 28, 30, 32, 34, 36, 38, 40, 42, 44, 46, 48, 50, 52, 54, 56, 58, 60, 62, 64, 66, 68, 70, 72, 74, 76, 78, 80, 82, 84, 86, 88, 90, 92, 94, 96, 98, 1, 3, 5, 7, 9, 11, 13, 15, 17, 19, 21, 23, 25, 27, 29, 31, 33, 35, 37, 39, 41, 43, 45, 47, 49, 51, 53, 55, 57, 59, 61, 63, 65, 67, 69, 71, 73, 75, 77, 79, 81, 83, 85, 87, 89, 91, 93, 95, 97, 99], Nombre de pas: 250
Résultat du lancement de l'algo: 
Fitness obtenue: 22119662 après 248 pas
Nombre de fitness calculé en tout: 447500
Placement pour chaque équipement obtenu: [36, 28, 4, 22, 50, 82, 12, 26, 2, 20, 30, 8, 44, 52, 32, 56, 88, 18, 0, 38, 40, 1, 10, 21, 48, 60, 6, 54, 76, 58, 14, 16, 34, 24, 78, 72, 62, 68, 42, 80, 74, 46, 11, 86, 66, 90, 3, 23, 96, 98, 67, 92, 5, 29, 39, 84, 17, 15, 13, 19, 64, 27, 25, 94, 37, 57, 33, 70, 7, 9, 41, 43, 47, 81, 87, 51, 63, 55, 31, 59, 61, 53, 45, 35, 69, 85, 73, 95, 77, 79, 65, 75, 71, 49, 89, 91, 93, 83, 97, 99]
----------------------------------------------------------------------------------
Temps d'exécution :0:01:47.977137
Les paramètres: 
La plaquette: [0, 1, 2, 3, 4, 5, 6, 7, 8, 9, 10, 11, 12, 13, 14, 15, 16, 17, 18, 19, 20, 21, 22, 23, 24, 25, 26, 27, 28, 29, 30, 31, 32, 33, 34, 35, 36, 37, 38, 39, 40, 41, 42, 43, 44, 45, 46, 47, 48, 49, 50, 51, 52, 53, 54, 55, 56, 57, 58, 59, 60, 61, 62, 63, 64, 65, 66, 67, 68, 69, 70, 71, 72, 73, 74, 75, 76, 77, 78, 79, 80, 81, 82, 83, 84, 85, 86, 87, 88, 89, 90, 91, 92, 93, 94, 95, 96, 97, 98, 99], Nombre de pas: 10
Résultat du lancement de l'algo: 
Fitness obtenue: 23150338 après 9 pas
Nombre de fitness calculé en tout: 17900
Placement pour chaque équipement obtenu: [0, 10, 8, 3, 4, 25, 6, 7, 2, 9, 1, 17, 12, 13, 26, 15, 16, 11, 36, 19, 20, 33, 22, 23, 24, 5, 14, 27, 28, 29, 30, 31, 32, 21, 34, 18, 35, 37, 38, 39, 40, 41, 42, 43, 44, 45, 46, 47, 48, 49, 50, 51, 53, 52, 54, 55, 56, 57, 58, 59, 60, 61, 62, 63, 64, 65, 66, 67, 68, 69, 70, 71, 72, 73, 74, 75, 76, 77, 78, 79, 80, 81, 99, 83, 84, 85, 86, 87, 88, 89, 90, 91, 92, 93, 94, 95, 96, 97, 98, 82]
----------------------------------------------------------------------------------
Temps d'exécution :0:01:41.470546
Les paramètres: 
La plaquette: [99, 98, 97, 96, 95, 94, 93, 92, 91, 90, 89, 88, 87, 86, 85, 84, 83, 82, 81, 80, 79, 78, 77, 76, 75, 74, 73, 72, 71, 70, 69, 68, 67, 66, 65, 64, 63, 62, 61, 60, 59, 58, 57, 56, 55, 54, 53, 52, 51, 50, 49, 48, 47, 46, 45, 44, 43, 42, 41, 40, 39, 38, 37, 36, 35, 34, 33, 32, 31, 30, 29, 28, 27, 26, 25, 24, 23, 22, 21, 20, 19, 18, 17, 16, 15, 14, 13, 12, 11, 10, 9, 8, 7, 6, 5, 4, 3, 2, 1, 0], Nombre de pas: 10
Résultat du lancement de l'algo: 
Fitness obtenue: 23190036 après 9 pas
Nombre de fitness calculé en tout: 17900
Placement pour chaque équipement obtenu: [99, 98, 97, 96, 95, 94, 93, 85, 91, 90, 69, 88, 87, 86, 92, 84, 75, 82, 81, 61, 79, 78, 77, 76, 83, 74, 73, 72, 71, 70, 89, 68, 67, 66, 65, 64, 63, 62, 80, 60, 59, 58, 57, 56, 55, 54, 40, 52, 51, 50, 49, 13, 47, 46, 45, 44, 43, 42, 41, 53, 39, 38, 26, 36, 35, 34, 33, 29, 31, 48, 32, 28, 27, 37, 25, 24, 23, 22, 21, 20, 3, 18, 17, 16, 15, 14, 30, 12, 11, 10, 9, 8, 7, 6, 5, 4, 19, 2, 1, 0]
----------------------------------------------------------------------------------
Temps d'exécution :0:02:04.926791
Les paramètres: 
La plaquette: [0, 2, 4, 6, 8, 10, 12, 14, 16, 18, 20, 22, 24, 26, 28, 30, 32, 34, 36, 38, 40, 42, 44, 46, 48, 50, 52, 54, 56, 58, 60, 62, 64, 66, 68, 70, 72, 74, 76, 78, 80, 82, 84, 86, 88, 90, 92, 94, 96, 98, 1, 3, 5, 7, 9, 11, 13, 15, 17, 19, 21, 23, 25, 27, 29, 31, 33, 35, 37, 39, 41, 43, 45, 47, 49, 51, 53, 55, 57, 59, 61, 63, 65, 67, 69, 71, 73, 75, 77, 79, 81, 83, 85, 87, 89, 91, 93, 95, 97, 99], Nombre de pas: 10
Résultat du lancement de l'algo: 
Fitness obtenue: 23339196 après 9 pas
Nombre de fitness calculé en tout: 17900
Placement pour chaque équipement obtenu: [0, 2, 4, 6, 8, 10, 12, 14, 56, 18, 30, 22, 24, 26, 28, 20, 32, 34, 36, 38, 40, 42, 44, 46, 48, 50, 52, 54, 16, 58, 60, 62, 88, 66, 78, 1, 72, 74, 76, 68, 80, 82, 84, 86, 64, 90, 92, 94, 96, 98, 70, 3, 5, 7, 9, 11, 17, 15, 13, 19, 21, 27, 25, 23, 29, 57, 33, 35, 37, 39, 41, 43, 45, 47, 49, 51, 63, 55, 31, 59, 61, 53, 65, 67, 69, 71, 73, 75, 77, 79, 81, 95, 85, 87, 89, 91, 93, 83, 97, 99]
----------------------------------------------------------------------------------
Temps d'exécution :0:18:58.086365
Les paramètres: 
La plaquette: [0, 1, 2, 3, 4, 5, 6, 7, 8, 9, 10, 11, 12, 13, 14, 15, 16, 17, 18, 19, 20, 21, 22, 23, 24, 25, 26, 27, 28, 29, 30, 31, 32, 33, 34, 35, 36, 37, 38, 39, 40, 41, 42, 43, 44, 45, 46, 47, 48, 49, 50, 51, 52, 53, 54, 55, 56, 57, 58, 59, 60, 61, 62, 63, 64, 65, 66, 67, 68, 69, 70, 71, 72, 73, 74, 75, 76, 77, 78, 79, 80, 81, 82, 83, 84, 85, 86, 87, 88, 89, 90, 91, 92, 93, 94, 95, 96, 97, 98, 99], Nombre de pas: 100
Résultat du lancement de l'algo: 
Fitness obtenue: 22181774 après 98 pas
Nombre de fitness calculé en tout: 179000
Placement pour chaque équipement obtenu: [0, 10, 8, 3, 4, 25, 24, 6, 26, 9, 1, 17, 12, 13, 34, 15, 16, 11, 36, 19, 20, 59, 32, 2, 7, 5, 14, 27, 28, 48, 46, 23, 22, 21, 31, 18, 35, 37, 38, 39, 40, 33, 42, 43, 44, 45, 47, 30, 29, 49, 53, 84, 50, 52, 61, 55, 54, 57, 58, 41, 63, 56, 62, 70, 80, 71, 66, 75, 68, 65, 60, 95, 94, 73, 74, 79, 72, 77, 78, 81, 67, 51, 99, 82, 69, 96, 98, 64, 88, 89, 90, 91, 92, 93, 76, 86, 85, 97, 87, 83]
----------------------------------------------------------------------------------
Temps d'exécution :0:19:16.515066
Les paramètres: 
La plaquette: [99, 98, 97, 96, 95, 94, 93, 92, 91, 90, 89, 88, 87, 86, 85, 84, 83, 82, 81, 80, 79, 78, 77, 76, 75, 74, 73, 72, 71, 70, 69, 68, 67, 66, 65, 64, 63, 62, 61, 60, 59, 58, 57, 56, 55, 54, 53, 52, 51, 50, 49, 48, 47, 46, 45, 44, 43, 42, 41, 40, 39, 38, 37, 36, 35, 34, 33, 32, 31, 30, 29, 28, 27, 26, 25, 24, 23, 22, 21, 20, 19, 18, 17, 16, 15, 14, 13, 12, 11, 10, 9, 8, 7, 6, 5, 4, 3, 2, 1, 0], Nombre de pas: 100
Résultat du lancement de l'algo: 
Fitness obtenue: 22278842 après 98 pas
Nombre de fitness calculé en tout: 178530
Placement pour chaque équipement obtenu: [99, 79, 88, 94, 95, 87, 83, 85, 91, 76, 69, 98, 96, 86, 92, 84, 75, 70, 73, 61, 97, 78, 77, 90, 93, 81, 71, 72, 74, 82, 89, 68, 57, 13, 65, 62, 63, 64, 80, 60, 59, 58, 67, 56, 41, 54, 40, 52, 51, 38, 49, 66, 47, 46, 34, 44, 43, 42, 55, 53, 39, 50, 26, 35, 11, 6, 33, 29, 31, 20, 45, 15, 36, 37, 25, 24, 23, 32, 21, 48, 3, 18, 5, 9, 28, 0, 30, 12, 7, 2, 16, 8, 27, 4, 17, 22, 19, 10, 1, 14]
----------------------------------------------------------------------------------
Temps d'exécution :0:18:05.032296
Les paramètres: 
La plaquette: [0, 2, 4, 6, 8, 10, 12, 14, 16, 18, 20, 22, 24, 26, 28, 30, 32, 34, 36, 38, 40, 42, 44, 46, 48, 50, 52, 54, 56, 58, 60, 62, 64, 66, 68, 70, 72, 74, 76, 78, 80, 82, 84, 86, 88, 90, 92, 94, 96, 98, 1, 3, 5, 7, 9, 11, 13, 15, 17, 19, 21, 23, 25, 27, 29, 31, 33, 35, 37, 39, 41, 43, 45, 47, 49, 51, 53, 55, 57, 59, 61, 63, 65, 67, 69, 71, 73, 75, 77, 79, 81, 83, 85, 87, 89, 91, 93, 95, 97, 99], Nombre de pas: 100
Résultat du lancement de l'algo: 
Fitness obtenue: 22119662 après 98 pas
Nombre de fitness calculé en tout: 179000
Placement pour chaque équipement obtenu: [36, 28, 4, 22, 50, 82, 12, 26, 2, 20, 30, 8, 44, 52, 32, 56, 88, 18, 0, 38, 40, 1, 10, 21, 48, 60, 6, 54, 76, 58, 14, 16, 34, 24, 78, 72, 62, 68, 42, 80, 74, 46, 11, 86, 66, 90, 3, 23, 96, 98, 67, 92, 5, 29, 39, 84, 17, 15, 13, 19, 64, 27, 25, 94, 37, 57, 33, 70, 7, 9, 41, 43, 47, 81, 87, 51, 63, 55, 31, 59, 61, 53, 45, 35, 69, 85, 73, 95, 77, 79, 65, 75, 71, 49, 89, 91, 93, 83, 97, 99]
----------------------------------------------------------------------------------
Temps d'exécution :0:48:38.540255
Les paramètres: 
La plaquette: [0, 1, 2, 3, 4, 5, 6, 7, 8, 9, 10, 11, 12, 13, 14, 15, 16, 17, 18, 19, 20, 21, 22, 23, 24, 25, 26, 27, 28, 29, 30, 31, 32, 33, 34, 35, 36, 37, 38, 39, 40, 41, 42, 43, 44, 45, 46, 47, 48, 49, 50, 51, 52, 53, 54, 55, 56, 57, 58, 59, 60, 61, 62, 63, 64, 65, 66, 67, 68, 69, 70, 71, 72, 73, 74, 75, 76, 77, 78, 79, 80, 81, 82, 83, 84, 85, 86, 87, 88, 89, 90, 91, 92, 93, 94, 95, 96, 97, 98, 99], Nombre de pas: 250
Résultat du lancement de l'algo: 
Fitness obtenue: 22181774 après 248 pas
Nombre de fitness calculé en tout: 447500
Placement pour chaque équipement obtenu: [0, 10, 8, 3, 4, 25, 24, 6, 26, 9, 1, 17, 12, 13, 34, 15, 16, 11, 36, 19, 20, 59, 32, 2, 7, 5, 14, 27, 28, 48, 46, 23, 22, 21, 31, 18, 35, 37, 38, 39, 40, 33, 42, 43, 44, 45, 47, 30, 29, 49, 53, 84, 50, 52, 61, 55, 54, 57, 58, 41, 63, 56, 62, 70, 80, 71, 66, 75, 68, 65, 60, 95, 94, 73, 74, 79, 72, 77, 78, 81, 67, 51, 99, 82, 69, 96, 98, 64, 88, 89, 90, 91, 92, 93, 76, 86, 85, 97, 87, 83]
----------------------------------------------------------------------------------
Temps d'exécution :0:48:19.653780
Les paramètres: 
La plaquette: [99, 98, 97, 96, 95, 94, 93, 92, 91, 90, 89, 88, 87, 86, 85, 84, 83, 82, 81, 80, 79, 78, 77, 76, 75, 74, 73, 72, 71, 70, 69, 68, 67, 66, 65, 64, 63, 62, 61, 60, 59, 58, 57, 56, 55, 54, 53, 52, 51, 50, 49, 48, 47, 46, 45, 44, 43, 42, 41, 40, 39, 38, 37, 36, 35, 34, 33, 32, 31, 30, 29, 28, 27, 26, 25, 24, 23, 22, 21, 20, 19, 18, 17, 16, 15, 14, 13, 12, 11, 10, 9, 8, 7, 6, 5, 4, 3, 2, 1, 0], Nombre de pas: 250
Résultat du lancement de l'algo: 
Fitness obtenue: 22278842 après 248 pas
Nombre de fitness calculé en tout: 445530
Placement pour chaque équipement obtenu: [99, 79, 88, 94, 95, 87, 83, 85, 91, 76, 69, 98, 96, 86, 92, 84, 75, 70, 73, 61, 97, 78, 77, 90, 93, 81, 71, 72, 74, 82, 89, 68, 57, 13, 65, 62, 63, 64, 80, 60, 59, 58, 67, 56, 41, 54, 40, 52, 51, 38, 49, 66, 47, 46, 34, 44, 43, 42, 55, 53, 39, 50, 26, 35, 11, 6, 33, 29, 31, 20, 45, 15, 36, 37, 25, 24, 23, 32, 21, 48, 3, 18, 5, 9, 28, 0, 30, 12, 7, 2, 16, 8, 27, 4, 17, 22, 19, 10, 1, 14]
----------------------------------------------------------------------------------
Temps d'exécution :0:47:51.277694
Les paramètres: 
La plaquette: [0, 2, 4, 6, 8, 10, 12, 14, 16, 18, 20, 22, 24, 26, 28, 30, 32, 34, 36, 38, 40, 42, 44, 46, 48, 50, 52, 54, 56, 58, 60, 62, 64, 66, 68, 70, 72, 74, 76, 78, 80, 82, 84, 86, 88, 90, 92, 94, 96, 98, 1, 3, 5, 7, 9, 11, 13, 15, 17, 19, 21, 23, 25, 27, 29, 31, 33, 35, 37, 39, 41, 43, 45, 47, 49, 51, 53, 55, 57, 59, 61, 63, 65, 67, 69, 71, 73, 75, 77, 79, 81, 83, 85, 87, 89, 91, 93, 95, 97, 99], Nombre de pas: 250
Résultat du lancement de l'algo: 
Fitness obtenue: 22119662 après 248 pas
Nombre de fitness calculé en tout: 447500
Placement pour chaque équipement obtenu: [36, 28, 4, 22, 50, 82, 12, 26, 2, 20, 30, 8, 44, 52, 32, 56, 88, 18, 0, 38, 40, 1, 10, 21, 48, 60, 6, 54, 76, 58, 14, 16, 34, 24, 78, 72, 62, 68, 42, 80, 74, 46, 11, 86, 66, 90, 3, 23, 96, 98, 67, 92, 5, 29, 39, 84, 17, 15, 13, 19, 64, 27, 25, 94, 37, 57, 33, 70, 7, 9, 41, 43, 47, 81, 87, 51, 63, 55, 31, 59, 61, 53, 45, 35, 69, 85, 73, 95, 77, 79, 65, 75, 71, 49, 89, 91, 93, 83, 97, 99]
----------------------------------------------------------------------------------
Temps d'exécution :0:01:53.770636
Les paramètres: 
La plaquette: [0, 1, 2, 3, 4, 5, 6, 7, 8, 9, 10, 11, 12, 13, 14, 15, 16, 17, 18, 19, 20, 21, 22, 23, 24, 25, 26, 27, 28, 29, 30, 31, 32, 33, 34, 35, 36, 37, 38, 39, 40, 41, 42, 43, 44, 45, 46, 47, 48, 49, 50, 51, 52, 53, 54, 55, 56, 57, 58, 59, 60, 61, 62, 63, 64, 65, 66, 67, 68, 69, 70, 71, 72, 73, 74, 75, 76, 77, 78, 79, 80, 81, 82, 83, 84, 85, 86, 87, 88, 89, 90, 91, 92, 93, 94, 95, 96, 97, 98, 99], Nombre de pas: 10
Résultat du lancement de l'algo: 
Fitness obtenue: 23150338 après 9 pas
Nombre de fitness calculé en tout: 17900
Placement pour chaque équipement obtenu: [0, 10, 8, 3, 4, 25, 6, 7, 2, 9, 1, 17, 12, 13, 26, 15, 16, 11, 36, 19, 20, 33, 22, 23, 24, 5, 14, 27, 28, 29, 30, 31, 32, 21, 34, 18, 35, 37, 38, 39, 40, 41, 42, 43, 44, 45, 46, 47, 48, 49, 50, 51, 53, 52, 54, 55, 56, 57, 58, 59, 60, 61, 62, 63, 64, 65, 66, 67, 68, 69, 70, 71, 72, 73, 74, 75, 76, 77, 78, 79, 80, 81, 99, 83, 84, 85, 86, 87, 88, 89, 90, 91, 92, 93, 94, 95, 96, 97, 98, 82]
----------------------------------------------------------------------------------
Temps d'exécution :0:01:50.684893
Les paramètres: 
La plaquette: [99, 98, 97, 96, 95, 94, 93, 92, 91, 90, 89, 88, 87, 86, 85, 84, 83, 82, 81, 80, 79, 78, 77, 76, 75, 74, 73, 72, 71, 70, 69, 68, 67, 66, 65, 64, 63, 62, 61, 60, 59, 58, 57, 56, 55, 54, 53, 52, 51, 50, 49, 48, 47, 46, 45, 44, 43, 42, 41, 40, 39, 38, 37, 36, 35, 34, 33, 32, 31, 30, 29, 28, 27, 26, 25, 24, 23, 22, 21, 20, 19, 18, 17, 16, 15, 14, 13, 12, 11, 10, 9, 8, 7, 6, 5, 4, 3, 2, 1, 0], Nombre de pas: 10
Résultat du lancement de l'algo: 
Fitness obtenue: 23190036 après 9 pas
Nombre de fitness calculé en tout: 17900
Placement pour chaque équipement obtenu: [99, 98, 97, 96, 95, 94, 93, 85, 91, 90, 69, 88, 87, 86, 92, 84, 75, 82, 81, 61, 79, 78, 77, 76, 83, 74, 73, 72, 71, 70, 89, 68, 67, 66, 65, 64, 63, 62, 80, 60, 59, 58, 57, 56, 55, 54, 40, 52, 51, 50, 49, 13, 47, 46, 45, 44, 43, 42, 41, 53, 39, 38, 26, 36, 35, 34, 33, 29, 31, 48, 32, 28, 27, 37, 25, 24, 23, 22, 21, 20, 3, 18, 17, 16, 15, 14, 30, 12, 11, 10, 9, 8, 7, 6, 5, 4, 19, 2, 1, 0]
----------------------------------------------------------------------------------
Temps d'exécution :0:01:51.754034
Les paramètres: 
La plaquette: [0, 2, 4, 6, 8, 10, 12, 14, 16, 18, 20, 22, 24, 26, 28, 30, 32, 34, 36, 38, 40, 42, 44, 46, 48, 50, 52, 54, 56, 58, 60, 62, 64, 66, 68, 70, 72, 74, 76, 78, 80, 82, 84, 86, 88, 90, 92, 94, 96, 98, 1, 3, 5, 7, 9, 11, 13, 15, 17, 19, 21, 23, 25, 27, 29, 31, 33, 35, 37, 39, 41, 43, 45, 47, 49, 51, 53, 55, 57, 59, 61, 63, 65, 67, 69, 71, 73, 75, 77, 79, 81, 83, 85, 87, 89, 91, 93, 95, 97, 99], Nombre de pas: 10
Résultat du lancement de l'algo: 
Fitness obtenue: 23339196 après 9 pas
Nombre de fitness calculé en tout: 17900
Placement pour chaque équipement obtenu: [0, 2, 4, 6, 8, 10, 12, 14, 56, 18, 30, 22, 24, 26, 28, 20, 32, 34, 36, 38, 40, 42, 44, 46, 48, 50, 52, 54, 16, 58, 60, 62, 88, 66, 78, 1, 72, 74, 76, 68, 80, 82, 84, 86, 64, 90, 92, 94, 96, 98, 70, 3, 5, 7, 9, 11, 17, 15, 13, 19, 21, 27, 25, 23, 29, 57, 33, 35, 37, 39, 41, 43, 45, 47, 49, 51, 63, 55, 31, 59, 61, 53, 65, 67, 69, 71, 73, 75, 77, 79, 81, 95, 85, 87, 89, 91, 93, 83, 97, 99]
----------------------------------------------------------------------------------
Temps d'exécution :0:19:34.350353
Les paramètres: 
La plaquette: [0, 1, 2, 3, 4, 5, 6, 7, 8, 9, 10, 11, 12, 13, 14, 15, 16, 17, 18, 19, 20, 21, 22, 23, 24, 25, 26, 27, 28, 29, 30, 31, 32, 33, 34, 35, 36, 37, 38, 39, 40, 41, 42, 43, 44, 45, 46, 47, 48, 49, 50, 51, 52, 53, 54, 55, 56, 57, 58, 59, 60, 61, 62, 63, 64, 65, 66, 67, 68, 69, 70, 71, 72, 73, 74, 75, 76, 77, 78, 79, 80, 81, 82, 83, 84, 85, 86, 87, 88, 89, 90, 91, 92, 93, 94, 95, 96, 97, 98, 99], Nombre de pas: 100
Résultat du lancement de l'algo: 
Fitness obtenue: 22181774 après 98 pas
Nombre de fitness calculé en tout: 179000
Placement pour chaque équipement obtenu: [0, 10, 8, 3, 4, 25, 24, 6, 26, 9, 1, 17, 12, 13, 34, 15, 16, 11, 36, 19, 20, 59, 32, 2, 7, 5, 14, 27, 28, 48, 46, 23, 22, 21, 31, 18, 35, 37, 38, 39, 40, 33, 42, 43, 44, 45, 47, 30, 29, 49, 53, 84, 50, 52, 61, 55, 54, 57, 58, 41, 63, 56, 62, 70, 80, 71, 66, 75, 68, 65, 60, 95, 94, 73, 74, 79, 72, 77, 78, 81, 67, 51, 99, 82, 69, 96, 98, 64, 88, 89, 90, 91, 92, 93, 76, 86, 85, 97, 87, 83]
----------------------------------------------------------------------------------
Temps d'exécution :0:18:59.297123
Les paramètres: 
La plaquette: [99, 98, 97, 96, 95, 94, 93, 92, 91, 90, 89, 88, 87, 86, 85, 84, 83, 82, 81, 80, 79, 78, 77, 76, 75, 74, 73, 72, 71, 70, 69, 68, 67, 66, 65, 64, 63, 62, 61, 60, 59, 58, 57, 56, 55, 54, 53, 52, 51, 50, 49, 48, 47, 46, 45, 44, 43, 42, 41, 40, 39, 38, 37, 36, 35, 34, 33, 32, 31, 30, 29, 28, 27, 26, 25, 24, 23, 22, 21, 20, 19, 18, 17, 16, 15, 14, 13, 12, 11, 10, 9, 8, 7, 6, 5, 4, 3, 2, 1, 0], Nombre de pas: 100
Résultat du lancement de l'algo: 
Fitness obtenue: 22278842 après 98 pas
Nombre de fitness calculé en tout: 178398
Placement pour chaque équipement obtenu: [99, 79, 88, 94, 95, 87, 83, 85, 91, 76, 69, 98, 96, 86, 92, 84, 75, 70, 73, 61, 97, 78, 77, 90, 93, 81, 71, 72, 74, 82, 89, 68, 57, 13, 65, 62, 63, 64, 80, 60, 59, 58, 67, 56, 41, 54, 40, 52, 51, 38, 49, 66, 47, 46, 34, 44, 43, 42, 55, 53, 39, 50, 26, 35, 11, 6, 33, 29, 31, 20, 45, 15, 36, 37, 25, 24, 23, 32, 21, 48, 3, 18, 5, 9, 28, 0, 30, 12, 7, 2, 16, 8, 27, 4, 17, 22, 19, 10, 1, 14]
----------------------------------------------------------------------------------
Temps d'exécution :0:18:07.569509
Les paramètres: 
La plaquette: [0, 2, 4, 6, 8, 10, 12, 14, 16, 18, 20, 22, 24, 26, 28, 30, 32, 34, 36, 38, 40, 42, 44, 46, 48, 50, 52, 54, 56, 58, 60, 62, 64, 66, 68, 70, 72, 74, 76, 78, 80, 82, 84, 86, 88, 90, 92, 94, 96, 98, 1, 3, 5, 7, 9, 11, 13, 15, 17, 19, 21, 23, 25, 27, 29, 31, 33, 35, 37, 39, 41, 43, 45, 47, 49, 51, 53, 55, 57, 59, 61, 63, 65, 67, 69, 71, 73, 75, 77, 79, 81, 83, 85, 87, 89, 91, 93, 95, 97, 99], Nombre de pas: 100
Résultat du lancement de l'algo: 
Fitness obtenue: 22119662 après 98 pas
Nombre de fitness calculé en tout: 179000
Placement pour chaque équipement obtenu: [36, 28, 4, 22, 50, 82, 12, 26, 2, 20, 30, 8, 44, 52, 32, 56, 88, 18, 0, 38, 40, 1, 10, 21, 48, 60, 6, 54, 76, 58, 14, 16, 34, 24, 78, 72, 62, 68, 42, 80, 74, 46, 11, 86, 66, 90, 3, 23, 96, 98, 67, 92, 5, 29, 39, 84, 17, 15, 13, 19, 64, 27, 25, 94, 37, 57, 33, 70, 7, 9, 41, 43, 47, 81, 87, 51, 63, 55, 31, 59, 61, 53, 45, 35, 69, 85, 73, 95, 77, 79, 65, 75, 71, 49, 89, 91, 93, 83, 97, 99]
----------------------------------------------------------------------------------
Temps d'exécution :0:47:35.729288
Les paramètres: 
La plaquette: [0, 1, 2, 3, 4, 5, 6, 7, 8, 9, 10, 11, 12, 13, 14, 15, 16, 17, 18, 19, 20, 21, 22, 23, 24, 25, 26, 27, 28, 29, 30, 31, 32, 33, 34, 35, 36, 37, 38, 39, 40, 41, 42, 43, 44, 45, 46, 47, 48, 49, 50, 51, 52, 53, 54, 55, 56, 57, 58, 59, 60, 61, 62, 63, 64, 65, 66, 67, 68, 69, 70, 71, 72, 73, 74, 75, 76, 77, 78, 79, 80, 81, 82, 83, 84, 85, 86, 87, 88, 89, 90, 91, 92, 93, 94, 95, 96, 97, 98, 99], Nombre de pas: 250
Résultat du lancement de l'algo: 
Fitness obtenue: 22181774 après 248 pas
Nombre de fitness calculé en tout: 447500
Placement pour chaque équipement obtenu: [0, 10, 8, 3, 4, 25, 24, 6, 26, 9, 1, 17, 12, 13, 34, 15, 16, 11, 36, 19, 20, 59, 32, 2, 7, 5, 14, 27, 28, 48, 46, 23, 22, 21, 31, 18, 35, 37, 38, 39, 40, 33, 42, 43, 44, 45, 47, 30, 29, 49, 53, 84, 50, 52, 61, 55, 54, 57, 58, 41, 63, 56, 62, 70, 80, 71, 66, 75, 68, 65, 60, 95, 94, 73, 74, 79, 72, 77, 78, 81, 67, 51, 99, 82, 69, 96, 98, 64, 88, 89, 90, 91, 92, 93, 76, 86, 85, 97, 87, 83]
----------------------------------------------------------------------------------
Temps d'exécution :0:48:30.741119
Les paramètres: 
La plaquette: [99, 98, 97, 96, 95, 94, 93, 92, 91, 90, 89, 88, 87, 86, 85, 84, 83, 82, 81, 80, 79, 78, 77, 76, 75, 74, 73, 72, 71, 70, 69, 68, 67, 66, 65, 64, 63, 62, 61, 60, 59, 58, 57, 56, 55, 54, 53, 52, 51, 50, 49, 48, 47, 46, 45, 44, 43, 42, 41, 40, 39, 38, 37, 36, 35, 34, 33, 32, 31, 30, 29, 28, 27, 26, 25, 24, 23, 22, 21, 20, 19, 18, 17, 16, 15, 14, 13, 12, 11, 10, 9, 8, 7, 6, 5, 4, 3, 2, 1, 0], Nombre de pas: 250
Résultat du lancement de l'algo: 
Fitness obtenue: 22278842 après 248 pas
Nombre de fitness calculé en tout: 444798
Placement pour chaque équipement obtenu: [99, 79, 88, 94, 95, 87, 83, 85, 91, 76, 69, 98, 96, 86, 92, 84, 75, 70, 73, 61, 97, 78, 77, 90, 93, 81, 71, 72, 74, 82, 89, 68, 57, 13, 65, 62, 63, 64, 80, 60, 59, 58, 67, 56, 41, 54, 40, 52, 51, 38, 49, 66, 47, 46, 34, 44, 43, 42, 55, 53, 39, 50, 26, 35, 11, 6, 33, 29, 31, 20, 45, 15, 36, 37, 25, 24, 23, 32, 21, 48, 3, 18, 5, 9, 28, 0, 30, 12, 7, 2, 16, 8, 27, 4, 17, 22, 19, 10, 1, 14]
----------------------------------------------------------------------------------
Temps d'exécution :0:50:47.870266
Les paramètres: 
La plaquette: [0, 2, 4, 6, 8, 10, 12, 14, 16, 18, 20, 22, 24, 26, 28, 30, 32, 34, 36, 38, 40, 42, 44, 46, 48, 50, 52, 54, 56, 58, 60, 62, 64, 66, 68, 70, 72, 74, 76, 78, 80, 82, 84, 86, 88, 90, 92, 94, 96, 98, 1, 3, 5, 7, 9, 11, 13, 15, 17, 19, 21, 23, 25, 27, 29, 31, 33, 35, 37, 39, 41, 43, 45, 47, 49, 51, 53, 55, 57, 59, 61, 63, 65, 67, 69, 71, 73, 75, 77, 79, 81, 83, 85, 87, 89, 91, 93, 95, 97, 99], Nombre de pas: 250
Résultat du lancement de l'algo: 
Fitness obtenue: 22119662 après 248 pas
Nombre de fitness calculé en tout: 447500
Placement pour chaque équipement obtenu: [36, 28, 4, 22, 50, 82, 12, 26, 2, 20, 30, 8, 44, 52, 32, 56, 88, 18, 0, 38, 40, 1, 10, 21, 48, 60, 6, 54, 76, 58, 14, 16, 34, 24, 78, 72, 62, 68, 42, 80, 74, 46, 11, 86, 66, 90, 3, 23, 96, 98, 67, 92, 5, 29, 39, 84, 17, 15, 13, 19, 64, 27, 25, 94, 37, 57, 33, 70, 7, 9, 41, 43, 47, 81, 87, 51, 63, 55, 31, 59, 61, 53, 45, 35, 69, 85, 73, 95, 77, 79, 65, 75, 71, 49, 89, 91, 93, 83, 97, 99]
----------------------------------------------------------------------------------
Temps d'exécution :0:02:11.922080
Les paramètres: 
La plaquette: [0, 1, 2, 3, 4, 5, 6, 7, 8, 9, 10, 11, 12, 13, 14, 15, 16, 17, 18, 19, 20, 21, 22, 23, 24, 25, 26, 27, 28, 29, 30, 31, 32, 33, 34, 35, 36, 37, 38, 39, 40, 41, 42, 43, 44, 45, 46, 47, 48, 49, 50, 51, 52, 53, 54, 55, 56, 57, 58, 59, 60, 61, 62, 63, 64, 65, 66, 67, 68, 69, 70, 71, 72, 73, 74, 75, 76, 77, 78, 79, 80, 81, 82, 83, 84, 85, 86, 87, 88, 89, 90, 91, 92, 93, 94, 95, 96, 97, 98, 99], Nombre de pas: 10
Résultat du lancement de l'algo: 
Fitness obtenue: 23150338 après 9 pas
Nombre de fitness calculé en tout: 17900
Placement pour chaque équipement obtenu: [0, 10, 8, 3, 4, 25, 6, 7, 2, 9, 1, 17, 12, 13, 26, 15, 16, 11, 36, 19, 20, 33, 22, 23, 24, 5, 14, 27, 28, 29, 30, 31, 32, 21, 34, 18, 35, 37, 38, 39, 40, 41, 42, 43, 44, 45, 46, 47, 48, 49, 50, 51, 53, 52, 54, 55, 56, 57, 58, 59, 60, 61, 62, 63, 64, 65, 66, 67, 68, 69, 70, 71, 72, 73, 74, 75, 76, 77, 78, 79, 80, 81, 99, 83, 84, 85, 86, 87, 88, 89, 90, 91, 92, 93, 94, 95, 96, 97, 98, 82]
----------------------------------------------------------------------------------
Temps d'exécution :0:02:09.213326
Les paramètres: 
La plaquette: [99, 98, 97, 96, 95, 94, 93, 92, 91, 90, 89, 88, 87, 86, 85, 84, 83, 82, 81, 80, 79, 78, 77, 76, 75, 74, 73, 72, 71, 70, 69, 68, 67, 66, 65, 64, 63, 62, 61, 60, 59, 58, 57, 56, 55, 54, 53, 52, 51, 50, 49, 48, 47, 46, 45, 44, 43, 42, 41, 40, 39, 38, 37, 36, 35, 34, 33, 32, 31, 30, 29, 28, 27, 26, 25, 24, 23, 22, 21, 20, 19, 18, 17, 16, 15, 14, 13, 12, 11, 10, 9, 8, 7, 6, 5, 4, 3, 2, 1, 0], Nombre de pas: 10
Résultat du lancement de l'algo: 
Fitness obtenue: 23190036 après 9 pas
Nombre de fitness calculé en tout: 17900
Placement pour chaque équipement obtenu: [99, 98, 97, 96, 95, 94, 93, 85, 91, 90, 69, 88, 87, 86, 92, 84, 75, 82, 81, 61, 79, 78, 77, 76, 83, 74, 73, 72, 71, 70, 89, 68, 67, 66, 65, 64, 63, 62, 80, 60, 59, 58, 57, 56, 55, 54, 40, 52, 51, 50, 49, 13, 47, 46, 45, 44, 43, 42, 41, 53, 39, 38, 26, 36, 35, 34, 33, 29, 31, 48, 32, 28, 27, 37, 25, 24, 23, 22, 21, 20, 3, 18, 17, 16, 15, 14, 30, 12, 11, 10, 9, 8, 7, 6, 5, 4, 19, 2, 1, 0]
----------------------------------------------------------------------------------
Temps d'exécution :0:02:00.479690
Les paramètres: 
La plaquette: [0, 2, 4, 6, 8, 10, 12, 14, 16, 18, 20, 22, 24, 26, 28, 30, 32, 34, 36, 38, 40, 42, 44, 46, 48, 50, 52, 54, 56, 58, 60, 62, 64, 66, 68, 70, 72, 74, 76, 78, 80, 82, 84, 86, 88, 90, 92, 94, 96, 98, 1, 3, 5, 7, 9, 11, 13, 15, 17, 19, 21, 23, 25, 27, 29, 31, 33, 35, 37, 39, 41, 43, 45, 47, 49, 51, 53, 55, 57, 59, 61, 63, 65, 67, 69, 71, 73, 75, 77, 79, 81, 83, 85, 87, 89, 91, 93, 95, 97, 99], Nombre de pas: 10
Résultat du lancement de l'algo: 
Fitness obtenue: 23339196 après 9 pas
Nombre de fitness calculé en tout: 17900
Placement pour chaque équipement obtenu: [0, 2, 4, 6, 8, 10, 12, 14, 56, 18, 30, 22, 24, 26, 28, 20, 32, 34, 36, 38, 40, 42, 44, 46, 48, 50, 52, 54, 16, 58, 60, 62, 88, 66, 78, 1, 72, 74, 76, 68, 80, 82, 84, 86, 64, 90, 92, 94, 96, 98, 70, 3, 5, 7, 9, 11, 17, 15, 13, 19, 21, 27, 25, 23, 29, 57, 33, 35, 37, 39, 41, 43, 45, 47, 49, 51, 63, 55, 31, 59, 61, 53, 65, 67, 69, 71, 73, 75, 77, 79, 81, 95, 85, 87, 89, 91, 93, 83, 97, 99]
----------------------------------------------------------------------------------
Temps d'exécution :0:20:56.734953
Les paramètres: 
La plaquette: [0, 1, 2, 3, 4, 5, 6, 7, 8, 9, 10, 11, 12, 13, 14, 15, 16, 17, 18, 19, 20, 21, 22, 23, 24, 25, 26, 27, 28, 29, 30, 31, 32, 33, 34, 35, 36, 37, 38, 39, 40, 41, 42, 43, 44, 45, 46, 47, 48, 49, 50, 51, 52, 53, 54, 55, 56, 57, 58, 59, 60, 61, 62, 63, 64, 65, 66, 67, 68, 69, 70, 71, 72, 73, 74, 75, 76, 77, 78, 79, 80, 81, 82, 83, 84, 85, 86, 87, 88, 89, 90, 91, 92, 93, 94, 95, 96, 97, 98, 99], Nombre de pas: 100
Résultat du lancement de l'algo: 
Fitness obtenue: 22181774 après 98 pas
Nombre de fitness calculé en tout: 179000
Placement pour chaque équipement obtenu: [0, 10, 8, 3, 4, 25, 24, 6, 26, 9, 1, 17, 12, 13, 34, 15, 16, 11, 36, 19, 20, 59, 32, 2, 7, 5, 14, 27, 28, 48, 46, 23, 22, 21, 31, 18, 35, 37, 38, 39, 40, 33, 42, 43, 44, 45, 47, 30, 29, 49, 53, 84, 50, 52, 61, 55, 54, 57, 58, 41, 63, 56, 62, 70, 80, 71, 66, 75, 68, 65, 60, 95, 94, 73, 74, 79, 72, 77, 78, 81, 67, 51, 99, 82, 69, 96, 98, 64, 88, 89, 90, 91, 92, 93, 76, 86, 85, 97, 87, 83]
----------------------------------------------------------------------------------
Temps d'exécution :0:21:35.177390
Les paramètres: 
La plaquette: [99, 98, 97, 96, 95, 94, 93, 92, 91, 90, 89, 88, 87, 86, 85, 84, 83, 82, 81, 80, 79, 78, 77, 76, 75, 74, 73, 72, 71, 70, 69, 68, 67, 66, 65, 64, 63, 62, 61, 60, 59, 58, 57, 56, 55, 54, 53, 52, 51, 50, 49, 48, 47, 46, 45, 44, 43, 42, 41, 40, 39, 38, 37, 36, 35, 34, 33, 32, 31, 30, 29, 28, 27, 26, 25, 24, 23, 22, 21, 20, 19, 18, 17, 16, 15, 14, 13, 12, 11, 10, 9, 8, 7, 6, 5, 4, 3, 2, 1, 0], Nombre de pas: 100
Résultat du lancement de l'algo: 
Fitness obtenue: 22278842 après 98 pas
Nombre de fitness calculé en tout: 178398
Placement pour chaque équipement obtenu: [99, 79, 88, 94, 95, 87, 83, 85, 91, 76, 69, 98, 96, 86, 92, 84, 75, 70, 73, 61, 97, 78, 77, 90, 93, 81, 71, 72, 74, 82, 89, 68, 57, 13, 65, 62, 63, 64, 80, 60, 59, 58, 67, 56, 41, 54, 40, 52, 51, 38, 49, 66, 47, 46, 34, 44, 43, 42, 55, 53, 39, 50, 26, 35, 11, 6, 33, 29, 31, 20, 45, 15, 36, 37, 25, 24, 23, 32, 21, 48, 3, 18, 5, 9, 28, 0, 30, 12, 7, 2, 16, 8, 27, 4, 17, 22, 19, 10, 1, 14]
----------------------------------------------------------------------------------
Temps d'exécution :0:34:52.968587
Les paramètres: 
La plaquette: [0, 2, 4, 6, 8, 10, 12, 14, 16, 18, 20, 22, 24, 26, 28, 30, 32, 34, 36, 38, 40, 42, 44, 46, 48, 50, 52, 54, 56, 58, 60, 62, 64, 66, 68, 70, 72, 74, 76, 78, 80, 82, 84, 86, 88, 90, 92, 94, 96, 98, 1, 3, 5, 7, 9, 11, 13, 15, 17, 19, 21, 23, 25, 27, 29, 31, 33, 35, 37, 39, 41, 43, 45, 47, 49, 51, 53, 55, 57, 59, 61, 63, 65, 67, 69, 71, 73, 75, 77, 79, 81, 83, 85, 87, 89, 91, 93, 95, 97, 99], Nombre de pas: 100
Résultat du lancement de l'algo: 
Fitness obtenue: 22119662 après 98 pas
Nombre de fitness calculé en tout: 179000
Placement pour chaque équipement obtenu: [36, 28, 4, 22, 50, 82, 12, 26, 2, 20, 30, 8, 44, 52, 32, 56, 88, 18, 0, 38, 40, 1, 10, 21, 48, 60, 6, 54, 76, 58, 14, 16, 34, 24, 78, 72, 62, 68, 42, 80, 74, 46, 11, 86, 66, 90, 3, 23, 96, 98, 67, 92, 5, 29, 39, 84, 17, 15, 13, 19, 64, 27, 25, 94, 37, 57, 33, 70, 7, 9, 41, 43, 47, 81, 87, 51, 63, 55, 31, 59, 61, 53, 45, 35, 69, 85, 73, 95, 77, 79, 65, 75, 71, 49, 89, 91, 93, 83, 97, 99]
----------------------------------------------------------------------------------
Temps d'exécution :3:02:15.935286
Les paramètres: 
La plaquette: [0, 1, 2, 3, 4, 5, 6, 7, 8, 9, 10, 11, 12, 13, 14, 15, 16, 17, 18, 19, 20, 21, 22, 23, 24, 25, 26, 27, 28, 29, 30, 31, 32, 33, 34, 35, 36, 37, 38, 39, 40, 41, 42, 43, 44, 45, 46, 47, 48, 49, 50, 51, 52, 53, 54, 55, 56, 57, 58, 59, 60, 61, 62, 63, 64, 65, 66, 67, 68, 69, 70, 71, 72, 73, 74, 75, 76, 77, 78, 79, 80, 81, 82, 83, 84, 85, 86, 87, 88, 89, 90, 91, 92, 93, 94, 95, 96, 97, 98, 99], Nombre de pas: 250
Résultat du lancement de l'algo: 
Fitness obtenue: 22181774 après 248 pas
Nombre de fitness calculé en tout: 447500
Placement pour chaque équipement obtenu: [0, 10, 8, 3, 4, 25, 24, 6, 26, 9, 1, 17, 12, 13, 34, 15, 16, 11, 36, 19, 20, 59, 32, 2, 7, 5, 14, 27, 28, 48, 46, 23, 22, 21, 31, 18, 35, 37, 38, 39, 40, 33, 42, 43, 44, 45, 47, 30, 29, 49, 53, 84, 50, 52, 61, 55, 54, 57, 58, 41, 63, 56, 62, 70, 80, 71, 66, 75, 68, 65, 60, 95, 94, 73, 74, 79, 72, 77, 78, 81, 67, 51, 99, 82, 69, 96, 98, 64, 88, 89, 90, 91, 92, 93, 76, 86, 85, 97, 87, 83]
----------------------------------------------------------------------------------
Temps d'exécution :1:09:43.289837
Les paramètres: 
La plaquette: [99, 98, 97, 96, 95, 94, 93, 92, 91, 90, 89, 88, 87, 86, 85, 84, 83, 82, 81, 80, 79, 78, 77, 76, 75, 74, 73, 72, 71, 70, 69, 68, 67, 66, 65, 64, 63, 62, 61, 60, 59, 58, 57, 56, 55, 54, 53, 52, 51, 50, 49, 48, 47, 46, 45, 44, 43, 42, 41, 40, 39, 38, 37, 36, 35, 34, 33, 32, 31, 30, 29, 28, 27, 26, 25, 24, 23, 22, 21, 20, 19, 18, 17, 16, 15, 14, 13, 12, 11, 10, 9, 8, 7, 6, 5, 4, 3, 2, 1, 0], Nombre de pas: 250
Résultat du lancement de l'algo: 
Fitness obtenue: 22278842 après 248 pas
Nombre de fitness calculé en tout: 444798
Placement pour chaque équipement obtenu: [99, 79, 88, 94, 95, 87, 83, 85, 91, 76, 69, 98, 96, 86, 92, 84, 75, 70, 73, 61, 97, 78, 77, 90, 93, 81, 71, 72, 74, 82, 89, 68, 57, 13, 65, 62, 63, 64, 80, 60, 59, 58, 67, 56, 41, 54, 40, 52, 51, 38, 49, 66, 47, 46, 34, 44, 43, 42, 55, 53, 39, 50, 26, 35, 11, 6, 33, 29, 31, 20, 45, 15, 36, 37, 25, 24, 23, 32, 21, 48, 3, 18, 5, 9, 28, 0, 30, 12, 7, 2, 16, 8, 27, 4, 17, 22, 19, 10, 1, 14]
----------------------------------------------------------------------------------
Temps d'exécution :1:09:46.802909
Les paramètres: 
La plaquette: [0, 2, 4, 6, 8, 10, 12, 14, 16, 18, 20, 22, 24, 26, 28, 30, 32, 34, 36, 38, 40, 42, 44, 46, 48, 50, 52, 54, 56, 58, 60, 62, 64, 66, 68, 70, 72, 74, 76, 78, 80, 82, 84, 86, 88, 90, 92, 94, 96, 98, 1, 3, 5, 7, 9, 11, 13, 15, 17, 19, 21, 23, 25, 27, 29, 31, 33, 35, 37, 39, 41, 43, 45, 47, 49, 51, 53, 55, 57, 59, 61, 63, 65, 67, 69, 71, 73, 75, 77, 79, 81, 83, 85, 87, 89, 91, 93, 95, 97, 99], Nombre de pas: 250
Résultat du lancement de l'algo: 
Fitness obtenue: 22119662 après 248 pas
Nombre de fitness calculé en tout: 447500
Placement pour chaque équipement obtenu: [36, 28, 4, 22, 50, 82, 12, 26, 2, 20, 30, 8, 44, 52, 32, 56, 88, 18, 0, 38, 40, 1, 10, 21, 48, 60, 6, 54, 76, 58, 14, 16, 34, 24, 78, 72, 62, 68, 42, 80, 74, 46, 11, 86, 66, 90, 3, 23, 96, 98, 67, 92, 5, 29, 39, 84, 17, 15, 13, 19, 64, 27, 25, 94, 37, 57, 33, 70, 7, 9, 41, 43, 47, 81, 87, 51, 63, 55, 31, 59, 61, 53, 45, 35, 69, 85, 73, 95, 77, 79, 65, 75, 71, 49, 89, 91, 93, 83, 97, 99]
----------------------------------------------------------------------------------
Temps d'exécution :0:02:53.763613
Les paramètres: 
La plaquette: [0, 1, 2, 3, 4, 5, 6, 7, 8, 9, 10, 11, 12, 13, 14, 15, 16, 17, 18, 19, 20, 21, 22, 23, 24, 25, 26, 27, 28, 29, 30, 31, 32, 33, 34, 35, 36, 37, 38, 39, 40, 41, 42, 43, 44, 45, 46, 47, 48, 49, 50, 51, 52, 53, 54, 55, 56, 57, 58, 59, 60, 61, 62, 63, 64, 65, 66, 67, 68, 69, 70, 71, 72, 73, 74, 75, 76, 77, 78, 79, 80, 81, 82, 83, 84, 85, 86, 87, 88, 89, 90, 91, 92, 93, 94, 95, 96, 97, 98, 99], Nombre de pas: 10
Résultat du lancement de l'algo: 
Fitness obtenue: 23150338 après 9 pas
Nombre de fitness calculé en tout: 17900
Placement pour chaque équipement obtenu: [0, 10, 8, 3, 4, 25, 6, 7, 2, 9, 1, 17, 12, 13, 26, 15, 16, 11, 36, 19, 20, 33, 22, 23, 24, 5, 14, 27, 28, 29, 30, 31, 32, 21, 34, 18, 35, 37, 38, 39, 40, 41, 42, 43, 44, 45, 46, 47, 48, 49, 50, 51, 53, 52, 54, 55, 56, 57, 58, 59, 60, 61, 62, 63, 64, 65, 66, 67, 68, 69, 70, 71, 72, 73, 74, 75, 76, 77, 78, 79, 80, 81, 99, 83, 84, 85, 86, 87, 88, 89, 90, 91, 92, 93, 94, 95, 96, 97, 98, 82]
----------------------------------------------------------------------------------
Temps d'exécution :0:02:54.299247
Les paramètres: 
La plaquette: [99, 98, 97, 96, 95, 94, 93, 92, 91, 90, 89, 88, 87, 86, 85, 84, 83, 82, 81, 80, 79, 78, 77, 76, 75, 74, 73, 72, 71, 70, 69, 68, 67, 66, 65, 64, 63, 62, 61, 60, 59, 58, 57, 56, 55, 54, 53, 52, 51, 50, 49, 48, 47, 46, 45, 44, 43, 42, 41, 40, 39, 38, 37, 36, 35, 34, 33, 32, 31, 30, 29, 28, 27, 26, 25, 24, 23, 22, 21, 20, 19, 18, 17, 16, 15, 14, 13, 12, 11, 10, 9, 8, 7, 6, 5, 4, 3, 2, 1, 0], Nombre de pas: 10
Résultat du lancement de l'algo: 
Fitness obtenue: 23190036 après 9 pas
Nombre de fitness calculé en tout: 17900
Placement pour chaque équipement obtenu: [99, 98, 97, 96, 95, 94, 93, 85, 91, 90, 69, 88, 87, 86, 92, 84, 75, 82, 81, 61, 79, 78, 77, 76, 83, 74, 73, 72, 71, 70, 89, 68, 67, 66, 65, 64, 63, 62, 80, 60, 59, 58, 57, 56, 55, 54, 40, 52, 51, 50, 49, 13, 47, 46, 45, 44, 43, 42, 41, 53, 39, 38, 26, 36, 35, 34, 33, 29, 31, 48, 32, 28, 27, 37, 25, 24, 23, 22, 21, 20, 3, 18, 17, 16, 15, 14, 30, 12, 11, 10, 9, 8, 7, 6, 5, 4, 19, 2, 1, 0]
----------------------------------------------------------------------------------
Temps d'exécution :0:03:04.412126
Les paramètres: 
La plaquette: [0, 2, 4, 6, 8, 10, 12, 14, 16, 18, 20, 22, 24, 26, 28, 30, 32, 34, 36, 38, 40, 42, 44, 46, 48, 50, 52, 54, 56, 58, 60, 62, 64, 66, 68, 70, 72, 74, 76, 78, 80, 82, 84, 86, 88, 90, 92, 94, 96, 98, 1, 3, 5, 7, 9, 11, 13, 15, 17, 19, 21, 23, 25, 27, 29, 31, 33, 35, 37, 39, 41, 43, 45, 47, 49, 51, 53, 55, 57, 59, 61, 63, 65, 67, 69, 71, 73, 75, 77, 79, 81, 83, 85, 87, 89, 91, 93, 95, 97, 99], Nombre de pas: 10
Résultat du lancement de l'algo: 
Fitness obtenue: 23339196 après 9 pas
Nombre de fitness calculé en tout: 17900
Placement pour chaque équipement obtenu: [0, 2, 4, 6, 8, 10, 12, 14, 56, 18, 30, 22, 24, 26, 28, 20, 32, 34, 36, 38, 40, 42, 44, 46, 48, 50, 52, 54, 16, 58, 60, 62, 88, 66, 78, 1, 72, 74, 76, 68, 80, 82, 84, 86, 64, 90, 92, 94, 96, 98, 70, 3, 5, 7, 9, 11, 17, 15, 13, 19, 21, 27, 25, 23, 29, 57, 33, 35, 37, 39, 41, 43, 45, 47, 49, 51, 63, 55, 31, 59, 61, 53, 65, 67, 69, 71, 73, 75, 77, 79, 81, 95, 85, 87, 89, 91, 93, 83, 97, 99]
----------------------------------------------------------------------------------
Temps d'exécution :1:58:49.647608
Les paramètres: 
La plaquette: [0, 1, 2, 3, 4, 5, 6, 7, 8, 9, 10, 11, 12, 13, 14, 15, 16, 17, 18, 19, 20, 21, 22, 23, 24, 25, 26, 27, 28, 29, 30, 31, 32, 33, 34, 35, 36, 37, 38, 39, 40, 41, 42, 43, 44, 45, 46, 47, 48, 49, 50, 51, 52, 53, 54, 55, 56, 57, 58, 59, 60, 61, 62, 63, 64, 65, 66, 67, 68, 69, 70, 71, 72, 73, 74, 75, 76, 77, 78, 79, 80, 81, 82, 83, 84, 85, 86, 87, 88, 89, 90, 91, 92, 93, 94, 95, 96, 97, 98, 99], Nombre de pas: 100
Résultat du lancement de l'algo: 
Fitness obtenue: 22181774 après 98 pas
Nombre de fitness calculé en tout: 179000
Placement pour chaque équipement obtenu: [0, 10, 8, 3, 4, 25, 24, 6, 26, 9, 1, 17, 12, 13, 34, 15, 16, 11, 36, 19, 20, 59, 32, 2, 7, 5, 14, 27, 28, 48, 46, 23, 22, 21, 31, 18, 35, 37, 38, 39, 40, 33, 42, 43, 44, 45, 47, 30, 29, 49, 53, 84, 50, 52, 61, 55, 54, 57, 58, 41, 63, 56, 62, 70, 80, 71, 66, 75, 68, 65, 60, 95, 94, 73, 74, 79, 72, 77, 78, 81, 67, 51, 99, 82, 69, 96, 98, 64, 88, 89, 90, 91, 92, 93, 76, 86, 85, 97, 87, 83]
----------------------------------------------------------------------------------
Temps d'exécution :1:28:34.103125
Les paramètres: 
La plaquette: [99, 98, 97, 96, 95, 94, 93, 92, 91, 90, 89, 88, 87, 86, 85, 84, 83, 82, 81, 80, 79, 78, 77, 76, 75, 74, 73, 72, 71, 70, 69, 68, 67, 66, 65, 64, 63, 62, 61, 60, 59, 58, 57, 56, 55, 54, 53, 52, 51, 50, 49, 48, 47, 46, 45, 44, 43, 42, 41, 40, 39, 38, 37, 36, 35, 34, 33, 32, 31, 30, 29, 28, 27, 26, 25, 24, 23, 22, 21, 20, 19, 18, 17, 16, 15, 14, 13, 12, 11, 10, 9, 8, 7, 6, 5, 4, 3, 2, 1, 0], Nombre de pas: 100
Résultat du lancement de l'algo: 
Fitness obtenue: 22278842 après 98 pas
Nombre de fitness calculé en tout: 178398
Placement pour chaque équipement obtenu: [99, 79, 88, 94, 95, 87, 83, 85, 91, 76, 69, 98, 96, 86, 92, 84, 75, 70, 73, 61, 97, 78, 77, 90, 93, 81, 71, 72, 74, 82, 89, 68, 57, 13, 65, 62, 63, 64, 80, 60, 59, 58, 67, 56, 41, 54, 40, 52, 51, 38, 49, 66, 47, 46, 34, 44, 43, 42, 55, 53, 39, 50, 26, 35, 11, 6, 33, 29, 31, 20, 45, 15, 36, 37, 25, 24, 23, 32, 21, 48, 3, 18, 5, 9, 28, 0, 30, 12, 7, 2, 16, 8, 27, 4, 17, 22, 19, 10, 1, 14]
----------------------------------------------------------------------------------
Temps d'exécution :0:28:06.877248
Les paramètres: 
La plaquette: [0, 2, 4, 6, 8, 10, 12, 14, 16, 18, 20, 22, 24, 26, 28, 30, 32, 34, 36, 38, 40, 42, 44, 46, 48, 50, 52, 54, 56, 58, 60, 62, 64, 66, 68, 70, 72, 74, 76, 78, 80, 82, 84, 86, 88, 90, 92, 94, 96, 98, 1, 3, 5, 7, 9, 11, 13, 15, 17, 19, 21, 23, 25, 27, 29, 31, 33, 35, 37, 39, 41, 43, 45, 47, 49, 51, 53, 55, 57, 59, 61, 63, 65, 67, 69, 71, 73, 75, 77, 79, 81, 83, 85, 87, 89, 91, 93, 95, 97, 99], Nombre de pas: 100
Résultat du lancement de l'algo: 
Fitness obtenue: 22119662 après 98 pas
Nombre de fitness calculé en tout: 179000
Placement pour chaque équipement obtenu: [36, 28, 4, 22, 50, 82, 12, 26, 2, 20, 30, 8, 44, 52, 32, 56, 88, 18, 0, 38, 40, 1, 10, 21, 48, 60, 6, 54, 76, 58, 14, 16, 34, 24, 78, 72, 62, 68, 42, 80, 74, 46, 11, 86, 66, 90, 3, 23, 96, 98, 67, 92, 5, 29, 39, 84, 17, 15, 13, 19, 64, 27, 25, 94, 37, 57, 33, 70, 7, 9, 41, 43, 47, 81, 87, 51, 63, 55, 31, 59, 61, 53, 45, 35, 69, 85, 73, 95, 77, 79, 65, 75, 71, 49, 89, 91, 93, 83, 97, 99]
----------------------------------------------------------------------------------
Temps d'exécution :1:16:13.267627
Les paramètres: 
La plaquette: [0, 1, 2, 3, 4, 5, 6, 7, 8, 9, 10, 11, 12, 13, 14, 15, 16, 17, 18, 19, 20, 21, 22, 23, 24, 25, 26, 27, 28, 29, 30, 31, 32, 33, 34, 35, 36, 37, 38, 39, 40, 41, 42, 43, 44, 45, 46, 47, 48, 49, 50, 51, 52, 53, 54, 55, 56, 57, 58, 59, 60, 61, 62, 63, 64, 65, 66, 67, 68, 69, 70, 71, 72, 73, 74, 75, 76, 77, 78, 79, 80, 81, 82, 83, 84, 85, 86, 87, 88, 89, 90, 91, 92, 93, 94, 95, 96, 97, 98, 99], Nombre de pas: 250
Résultat du lancement de l'algo: 
Fitness obtenue: 22181774 après 248 pas
Nombre de fitness calculé en tout: 447500
Placement pour chaque équipement obtenu: [0, 10, 8, 3, 4, 25, 24, 6, 26, 9, 1, 17, 12, 13, 34, 15, 16, 11, 36, 19, 20, 59, 32, 2, 7, 5, 14, 27, 28, 48, 46, 23, 22, 21, 31, 18, 35, 37, 38, 39, 40, 33, 42, 43, 44, 45, 47, 30, 29, 49, 53, 84, 50, 52, 61, 55, 54, 57, 58, 41, 63, 56, 62, 70, 80, 71, 66, 75, 68, 65, 60, 95, 94, 73, 74, 79, 72, 77, 78, 81, 67, 51, 99, 82, 69, 96, 98, 64, 88, 89, 90, 91, 92, 93, 76, 86, 85, 97, 87, 83]
----------------------------------------------------------------------------------
Temps d'exécution :1:11:28.824058
Les paramètres: 
La plaquette: [99, 98, 97, 96, 95, 94, 93, 92, 91, 90, 89, 88, 87, 86, 85, 84, 83, 82, 81, 80, 79, 78, 77, 76, 75, 74, 73, 72, 71, 70, 69, 68, 67, 66, 65, 64, 63, 62, 61, 60, 59, 58, 57, 56, 55, 54, 53, 52, 51, 50, 49, 48, 47, 46, 45, 44, 43, 42, 41, 40, 39, 38, 37, 36, 35, 34, 33, 32, 31, 30, 29, 28, 27, 26, 25, 24, 23, 22, 21, 20, 19, 18, 17, 16, 15, 14, 13, 12, 11, 10, 9, 8, 7, 6, 5, 4, 3, 2, 1, 0], Nombre de pas: 250
Résultat du lancement de l'algo: 
Fitness obtenue: 22278842 après 248 pas
Nombre de fitness calculé en tout: 444798
Placement pour chaque équipement obtenu: [99, 79, 88, 94, 95, 87, 83, 85, 91, 76, 69, 98, 96, 86, 92, 84, 75, 70, 73, 61, 97, 78, 77, 90, 93, 81, 71, 72, 74, 82, 89, 68, 57, 13, 65, 62, 63, 64, 80, 60, 59, 58, 67, 56, 41, 54, 40, 52, 51, 38, 49, 66, 47, 46, 34, 44, 43, 42, 55, 53, 39, 50, 26, 35, 11, 6, 33, 29, 31, 20, 45, 15, 36, 37, 25, 24, 23, 32, 21, 48, 3, 18, 5, 9, 28, 0, 30, 12, 7, 2, 16, 8, 27, 4, 17, 22, 19, 10, 1, 14]
----------------------------------------------------------------------------------
Temps d'exécution :1:12:42.343880
Les paramètres: 
La plaquette: [0, 2, 4, 6, 8, 10, 12, 14, 16, 18, 20, 22, 24, 26, 28, 30, 32, 34, 36, 38, 40, 42, 44, 46, 48, 50, 52, 54, 56, 58, 60, 62, 64, 66, 68, 70, 72, 74, 76, 78, 80, 82, 84, 86, 88, 90, 92, 94, 96, 98, 1, 3, 5, 7, 9, 11, 13, 15, 17, 19, 21, 23, 25, 27, 29, 31, 33, 35, 37, 39, 41, 43, 45, 47, 49, 51, 53, 55, 57, 59, 61, 63, 65, 67, 69, 71, 73, 75, 77, 79, 81, 83, 85, 87, 89, 91, 93, 95, 97, 99], Nombre de pas: 250
Résultat du lancement de l'algo: 
Fitness obtenue: 22119662 après 248 pas
Nombre de fitness calculé en tout: 447500
Placement pour chaque équipement obtenu: [36, 28, 4, 22, 50, 82, 12, 26, 2, 20, 30, 8, 44, 52, 32, 56, 88, 18, 0, 38, 40, 1, 10, 21, 48, 60, 6, 54, 76, 58, 14, 16, 34, 24, 78, 72, 62, 68, 42, 80, 74, 46, 11, 86, 66, 90, 3, 23, 96, 98, 67, 92, 5, 29, 39, 84, 17, 15, 13, 19, 64, 27, 25, 94, 37, 57, 33, 70, 7, 9, 41, 43, 47, 81, 87, 51, 63, 55, 31, 59, 61, 53, 45, 35, 69, 85, 73, 95, 77, 79, 65, 75, 71, 49, 89, 91, 93, 83, 97, 99]
----------------------------------------------------------------------------------
Temps d'exécution :0:02:56.654450
Les paramètres: 
La plaquette: [0, 1, 2, 3, 4, 5, 6, 7, 8, 9, 10, 11, 12, 13, 14, 15, 16, 17, 18, 19, 20, 21, 22, 23, 24, 25, 26, 27, 28, 29, 30, 31, 32, 33, 34, 35, 36, 37, 38, 39, 40, 41, 42, 43, 44, 45, 46, 47, 48, 49, 50, 51, 52, 53, 54, 55, 56, 57, 58, 59, 60, 61, 62, 63, 64, 65, 66, 67, 68, 69, 70, 71, 72, 73, 74, 75, 76, 77, 78, 79, 80, 81, 82, 83, 84, 85, 86, 87, 88, 89, 90, 91, 92, 93, 94, 95, 96, 97, 98, 99], Nombre de pas: 10
Résultat du lancement de l'algo: 
Fitness obtenue: 23150338 après 9 pas
Nombre de fitness calculé en tout: 17900
Placement pour chaque équipement obtenu: [0, 10, 8, 3, 4, 25, 6, 7, 2, 9, 1, 17, 12, 13, 26, 15, 16, 11, 36, 19, 20, 33, 22, 23, 24, 5, 14, 27, 28, 29, 30, 31, 32, 21, 34, 18, 35, 37, 38, 39, 40, 41, 42, 43, 44, 45, 46, 47, 48, 49, 50, 51, 53, 52, 54, 55, 56, 57, 58, 59, 60, 61, 62, 63, 64, 65, 66, 67, 68, 69, 70, 71, 72, 73, 74, 75, 76, 77, 78, 79, 80, 81, 99, 83, 84, 85, 86, 87, 88, 89, 90, 91, 92, 93, 94, 95, 96, 97, 98, 82]
----------------------------------------------------------------------------------
Temps d'exécution :0:02:50.111558
Les paramètres: 
La plaquette: [99, 98, 97, 96, 95, 94, 93, 92, 91, 90, 89, 88, 87, 86, 85, 84, 83, 82, 81, 80, 79, 78, 77, 76, 75, 74, 73, 72, 71, 70, 69, 68, 67, 66, 65, 64, 63, 62, 61, 60, 59, 58, 57, 56, 55, 54, 53, 52, 51, 50, 49, 48, 47, 46, 45, 44, 43, 42, 41, 40, 39, 38, 37, 36, 35, 34, 33, 32, 31, 30, 29, 28, 27, 26, 25, 24, 23, 22, 21, 20, 19, 18, 17, 16, 15, 14, 13, 12, 11, 10, 9, 8, 7, 6, 5, 4, 3, 2, 1, 0], Nombre de pas: 10
Résultat du lancement de l'algo: 
Fitness obtenue: 23190036 après 9 pas
Nombre de fitness calculé en tout: 17900
Placement pour chaque équipement obtenu: [99, 98, 97, 96, 95, 94, 93, 85, 91, 90, 69, 88, 87, 86, 92, 84, 75, 82, 81, 61, 79, 78, 77, 76, 83, 74, 73, 72, 71, 70, 89, 68, 67, 66, 65, 64, 63, 62, 80, 60, 59, 58, 57, 56, 55, 54, 40, 52, 51, 50, 49, 13, 47, 46, 45, 44, 43, 42, 41, 53, 39, 38, 26, 36, 35, 34, 33, 29, 31, 48, 32, 28, 27, 37, 25, 24, 23, 22, 21, 20, 3, 18, 17, 16, 15, 14, 30, 12, 11, 10, 9, 8, 7, 6, 5, 4, 19, 2, 1, 0]
----------------------------------------------------------------------------------
Temps d'exécution :0:02:49.728189
Les paramètres: 
La plaquette: [0, 2, 4, 6, 8, 10, 12, 14, 16, 18, 20, 22, 24, 26, 28, 30, 32, 34, 36, 38, 40, 42, 44, 46, 48, 50, 52, 54, 56, 58, 60, 62, 64, 66, 68, 70, 72, 74, 76, 78, 80, 82, 84, 86, 88, 90, 92, 94, 96, 98, 1, 3, 5, 7, 9, 11, 13, 15, 17, 19, 21, 23, 25, 27, 29, 31, 33, 35, 37, 39, 41, 43, 45, 47, 49, 51, 53, 55, 57, 59, 61, 63, 65, 67, 69, 71, 73, 75, 77, 79, 81, 83, 85, 87, 89, 91, 93, 95, 97, 99], Nombre de pas: 10
Résultat du lancement de l'algo: 
Fitness obtenue: 23339196 après 9 pas
Nombre de fitness calculé en tout: 17900
Placement pour chaque équipement obtenu: [0, 2, 4, 6, 8, 10, 12, 14, 56, 18, 30, 22, 24, 26, 28, 20, 32, 34, 36, 38, 40, 42, 44, 46, 48, 50, 52, 54, 16, 58, 60, 62, 88, 66, 78, 1, 72, 74, 76, 68, 80, 82, 84, 86, 64, 90, 92, 94, 96, 98, 70, 3, 5, 7, 9, 11, 17, 15, 13, 19, 21, 27, 25, 23, 29, 57, 33, 35, 37, 39, 41, 43, 45, 47, 49, 51, 63, 55, 31, 59, 61, 53, 65, 67, 69, 71, 73, 75, 77, 79, 81, 95, 85, 87, 89, 91, 93, 83, 97, 99]
----------------------------------------------------------------------------------
Temps d'exécution :0:29:32.869977
Les paramètres: 
La plaquette: [0, 1, 2, 3, 4, 5, 6, 7, 8, 9, 10, 11, 12, 13, 14, 15, 16, 17, 18, 19, 20, 21, 22, 23, 24, 25, 26, 27, 28, 29, 30, 31, 32, 33, 34, 35, 36, 37, 38, 39, 40, 41, 42, 43, 44, 45, 46, 47, 48, 49, 50, 51, 52, 53, 54, 55, 56, 57, 58, 59, 60, 61, 62, 63, 64, 65, 66, 67, 68, 69, 70, 71, 72, 73, 74, 75, 76, 77, 78, 79, 80, 81, 82, 83, 84, 85, 86, 87, 88, 89, 90, 91, 92, 93, 94, 95, 96, 97, 98, 99], Nombre de pas: 100
Résultat du lancement de l'algo: 
Fitness obtenue: 22181774 après 98 pas
Nombre de fitness calculé en tout: 179000
Placement pour chaque équipement obtenu: [0, 10, 8, 3, 4, 25, 24, 6, 26, 9, 1, 17, 12, 13, 34, 15, 16, 11, 36, 19, 20, 59, 32, 2, 7, 5, 14, 27, 28, 48, 46, 23, 22, 21, 31, 18, 35, 37, 38, 39, 40, 33, 42, 43, 44, 45, 47, 30, 29, 49, 53, 84, 50, 52, 61, 55, 54, 57, 58, 41, 63, 56, 62, 70, 80, 71, 66, 75, 68, 65, 60, 95, 94, 73, 74, 79, 72, 77, 78, 81, 67, 51, 99, 82, 69, 96, 98, 64, 88, 89, 90, 91, 92, 93, 76, 86, 85, 97, 87, 83]
----------------------------------------------------------------------------------
Temps d'exécution :0:28:55.913522
Les paramètres: 
La plaquette: [99, 98, 97, 96, 95, 94, 93, 92, 91, 90, 89, 88, 87, 86, 85, 84, 83, 82, 81, 80, 79, 78, 77, 76, 75, 74, 73, 72, 71, 70, 69, 68, 67, 66, 65, 64, 63, 62, 61, 60, 59, 58, 57, 56, 55, 54, 53, 52, 51, 50, 49, 48, 47, 46, 45, 44, 43, 42, 41, 40, 39, 38, 37, 36, 35, 34, 33, 32, 31, 30, 29, 28, 27, 26, 25, 24, 23, 22, 21, 20, 19, 18, 17, 16, 15, 14, 13, 12, 11, 10, 9, 8, 7, 6, 5, 4, 3, 2, 1, 0], Nombre de pas: 100
Résultat du lancement de l'algo: 
Fitness obtenue: 22278842 après 98 pas
Nombre de fitness calculé en tout: 178398
Placement pour chaque équipement obtenu: [99, 79, 88, 94, 95, 87, 83, 85, 91, 76, 69, 98, 96, 86, 92, 84, 75, 70, 73, 61, 97, 78, 77, 90, 93, 81, 71, 72, 74, 82, 89, 68, 57, 13, 65, 62, 63, 64, 80, 60, 59, 58, 67, 56, 41, 54, 40, 52, 51, 38, 49, 66, 47, 46, 34, 44, 43, 42, 55, 53, 39, 50, 26, 35, 11, 6, 33, 29, 31, 20, 45, 15, 36, 37, 25, 24, 23, 32, 21, 48, 3, 18, 5, 9, 28, 0, 30, 12, 7, 2, 16, 8, 27, 4, 17, 22, 19, 10, 1, 14]
----------------------------------------------------------------------------------
Temps d'exécution :0:29:13.333699
Les paramètres: 
La plaquette: [0, 2, 4, 6, 8, 10, 12, 14, 16, 18, 20, 22, 24, 26, 28, 30, 32, 34, 36, 38, 40, 42, 44, 46, 48, 50, 52, 54, 56, 58, 60, 62, 64, 66, 68, 70, 72, 74, 76, 78, 80, 82, 84, 86, 88, 90, 92, 94, 96, 98, 1, 3, 5, 7, 9, 11, 13, 15, 17, 19, 21, 23, 25, 27, 29, 31, 33, 35, 37, 39, 41, 43, 45, 47, 49, 51, 53, 55, 57, 59, 61, 63, 65, 67, 69, 71, 73, 75, 77, 79, 81, 83, 85, 87, 89, 91, 93, 95, 97, 99], Nombre de pas: 100
Résultat du lancement de l'algo: 
Fitness obtenue: 22119662 après 98 pas
Nombre de fitness calculé en tout: 179000
Placement pour chaque équipement obtenu: [36, 28, 4, 22, 50, 82, 12, 26, 2, 20, 30, 8, 44, 52, 32, 56, 88, 18, 0, 38, 40, 1, 10, 21, 48, 60, 6, 54, 76, 58, 14, 16, 34, 24, 78, 72, 62, 68, 42, 80, 74, 46, 11, 86, 66, 90, 3, 23, 96, 98, 67, 92, 5, 29, 39, 84, 17, 15, 13, 19, 64, 27, 25, 94, 37, 57, 33, 70, 7, 9, 41, 43, 47, 81, 87, 51, 63, 55, 31, 59, 61, 53, 45, 35, 69, 85, 73, 95, 77, 79, 65, 75, 71, 49, 89, 91, 93, 83, 97, 99]
----------------------------------------------------------------------------------
Temps d'exécution :1:12:38.100438
Les paramètres: 
La plaquette: [0, 1, 2, 3, 4, 5, 6, 7, 8, 9, 10, 11, 12, 13, 14, 15, 16, 17, 18, 19, 20, 21, 22, 23, 24, 25, 26, 27, 28, 29, 30, 31, 32, 33, 34, 35, 36, 37, 38, 39, 40, 41, 42, 43, 44, 45, 46, 47, 48, 49, 50, 51, 52, 53, 54, 55, 56, 57, 58, 59, 60, 61, 62, 63, 64, 65, 66, 67, 68, 69, 70, 71, 72, 73, 74, 75, 76, 77, 78, 79, 80, 81, 82, 83, 84, 85, 86, 87, 88, 89, 90, 91, 92, 93, 94, 95, 96, 97, 98, 99], Nombre de pas: 250
Résultat du lancement de l'algo: 
Fitness obtenue: 22181774 après 248 pas
Nombre de fitness calculé en tout: 447500
Placement pour chaque équipement obtenu: [0, 10, 8, 3, 4, 25, 24, 6, 26, 9, 1, 17, 12, 13, 34, 15, 16, 11, 36, 19, 20, 59, 32, 2, 7, 5, 14, 27, 28, 48, 46, 23, 22, 21, 31, 18, 35, 37, 38, 39, 40, 33, 42, 43, 44, 45, 47, 30, 29, 49, 53, 84, 50, 52, 61, 55, 54, 57, 58, 41, 63, 56, 62, 70, 80, 71, 66, 75, 68, 65, 60, 95, 94, 73, 74, 79, 72, 77, 78, 81, 67, 51, 99, 82, 69, 96, 98, 64, 88, 89, 90, 91, 92, 93, 76, 86, 85, 97, 87, 83]
----------------------------------------------------------------------------------
Temps d'exécution :1:12:59.480878
Les paramètres: 
La plaquette: [99, 98, 97, 96, 95, 94, 93, 92, 91, 90, 89, 88, 87, 86, 85, 84, 83, 82, 81, 80, 79, 78, 77, 76, 75, 74, 73, 72, 71, 70, 69, 68, 67, 66, 65, 64, 63, 62, 61, 60, 59, 58, 57, 56, 55, 54, 53, 52, 51, 50, 49, 48, 47, 46, 45, 44, 43, 42, 41, 40, 39, 38, 37, 36, 35, 34, 33, 32, 31, 30, 29, 28, 27, 26, 25, 24, 23, 22, 21, 20, 19, 18, 17, 16, 15, 14, 13, 12, 11, 10, 9, 8, 7, 6, 5, 4, 3, 2, 1, 0], Nombre de pas: 250
Résultat du lancement de l'algo: 
Fitness obtenue: 22278842 après 248 pas
Nombre de fitness calculé en tout: 444798
Placement pour chaque équipement obtenu: [99, 79, 88, 94, 95, 87, 83, 85, 91, 76, 69, 98, 96, 86, 92, 84, 75, 70, 73, 61, 97, 78, 77, 90, 93, 81, 71, 72, 74, 82, 89, 68, 57, 13, 65, 62, 63, 64, 80, 60, 59, 58, 67, 56, 41, 54, 40, 52, 51, 38, 49, 66, 47, 46, 34, 44, 43, 42, 55, 53, 39, 50, 26, 35, 11, 6, 33, 29, 31, 20, 45, 15, 36, 37, 25, 24, 23, 32, 21, 48, 3, 18, 5, 9, 28, 0, 30, 12, 7, 2, 16, 8, 27, 4, 17, 22, 19, 10, 1, 14]
----------------------------------------------------------------------------------
Temps d'exécution :1:06:31.848962
Les paramètres: 
La plaquette: [0, 2, 4, 6, 8, 10, 12, 14, 16, 18, 20, 22, 24, 26, 28, 30, 32, 34, 36, 38, 40, 42, 44, 46, 48, 50, 52, 54, 56, 58, 60, 62, 64, 66, 68, 70, 72, 74, 76, 78, 80, 82, 84, 86, 88, 90, 92, 94, 96, 98, 1, 3, 5, 7, 9, 11, 13, 15, 17, 19, 21, 23, 25, 27, 29, 31, 33, 35, 37, 39, 41, 43, 45, 47, 49, 51, 53, 55, 57, 59, 61, 63, 65, 67, 69, 71, 73, 75, 77, 79, 81, 83, 85, 87, 89, 91, 93, 95, 97, 99], Nombre de pas: 250
Résultat du lancement de l'algo: 
Fitness obtenue: 22119662 après 248 pas
Nombre de fitness calculé en tout: 447500
Placement pour chaque équipement obtenu: [36, 28, 4, 22, 50, 82, 12, 26, 2, 20, 30, 8, 44, 52, 32, 56, 88, 18, 0, 38, 40, 1, 10, 21, 48, 60, 6, 54, 76, 58, 14, 16, 34, 24, 78, 72, 62, 68, 42, 80, 74, 46, 11, 86, 66, 90, 3, 23, 96, 98, 67, 92, 5, 29, 39, 84, 17, 15, 13, 19, 64, 27, 25, 94, 37, 57, 33, 70, 7, 9, 41, 43, 47, 81, 87, 51, 63, 55, 31, 59, 61, 53, 45, 35, 69, 85, 73, 95, 77, 79, 65, 75, 71, 49, 89, 91, 93, 83, 97, 99]
----------------------------------------------------------------------------------
Temps d'exécution :0:02:41.486986
Les paramètres: 
La plaquette: [0, 1, 2, 3, 4, 5, 6, 7, 8, 9, 10, 11, 12, 13, 14, 15, 16, 17, 18, 19, 20, 21, 22, 23, 24, 25, 26, 27, 28, 29, 30, 31, 32, 33, 34, 35, 36, 37, 38, 39, 40, 41, 42, 43, 44, 45, 46, 47, 48, 49, 50, 51, 52, 53, 54, 55, 56, 57, 58, 59, 60, 61, 62, 63, 64, 65, 66, 67, 68, 69, 70, 71, 72, 73, 74, 75, 76, 77, 78, 79, 80, 81, 82, 83, 84, 85, 86, 87, 88, 89, 90, 91, 92, 93, 94, 95, 96, 97, 98, 99], Nombre de pas: 10
Résultat du lancement de l'algo: 
Fitness obtenue: 23150338 après 9 pas
Nombre de fitness calculé en tout: 17900
Placement pour chaque équipement obtenu: [0, 10, 8, 3, 4, 25, 6, 7, 2, 9, 1, 17, 12, 13, 26, 15, 16, 11, 36, 19, 20, 33, 22, 23, 24, 5, 14, 27, 28, 29, 30, 31, 32, 21, 34, 18, 35, 37, 38, 39, 40, 41, 42, 43, 44, 45, 46, 47, 48, 49, 50, 51, 53, 52, 54, 55, 56, 57, 58, 59, 60, 61, 62, 63, 64, 65, 66, 67, 68, 69, 70, 71, 72, 73, 74, 75, 76, 77, 78, 79, 80, 81, 99, 83, 84, 85, 86, 87, 88, 89, 90, 91, 92, 93, 94, 95, 96, 97, 98, 82]
----------------------------------------------------------------------------------
Temps d'exécution :0:02:34.376010
Les paramètres: 
La plaquette: [99, 98, 97, 96, 95, 94, 93, 92, 91, 90, 89, 88, 87, 86, 85, 84, 83, 82, 81, 80, 79, 78, 77, 76, 75, 74, 73, 72, 71, 70, 69, 68, 67, 66, 65, 64, 63, 62, 61, 60, 59, 58, 57, 56, 55, 54, 53, 52, 51, 50, 49, 48, 47, 46, 45, 44, 43, 42, 41, 40, 39, 38, 37, 36, 35, 34, 33, 32, 31, 30, 29, 28, 27, 26, 25, 24, 23, 22, 21, 20, 19, 18, 17, 16, 15, 14, 13, 12, 11, 10, 9, 8, 7, 6, 5, 4, 3, 2, 1, 0], Nombre de pas: 10
Résultat du lancement de l'algo: 
Fitness obtenue: 23190036 après 9 pas
Nombre de fitness calculé en tout: 17900
Placement pour chaque équipement obtenu: [99, 98, 97, 96, 95, 94, 93, 85, 91, 90, 69, 88, 87, 86, 92, 84, 75, 82, 81, 61, 79, 78, 77, 76, 83, 74, 73, 72, 71, 70, 89, 68, 67, 66, 65, 64, 63, 62, 80, 60, 59, 58, 57, 56, 55, 54, 40, 52, 51, 50, 49, 13, 47, 46, 45, 44, 43, 42, 41, 53, 39, 38, 26, 36, 35, 34, 33, 29, 31, 48, 32, 28, 27, 37, 25, 24, 23, 22, 21, 20, 3, 18, 17, 16, 15, 14, 30, 12, 11, 10, 9, 8, 7, 6, 5, 4, 19, 2, 1, 0]
----------------------------------------------------------------------------------
Temps d'exécution :0:02:42.239973
Les paramètres: 
La plaquette: [0, 2, 4, 6, 8, 10, 12, 14, 16, 18, 20, 22, 24, 26, 28, 30, 32, 34, 36, 38, 40, 42, 44, 46, 48, 50, 52, 54, 56, 58, 60, 62, 64, 66, 68, 70, 72, 74, 76, 78, 80, 82, 84, 86, 88, 90, 92, 94, 96, 98, 1, 3, 5, 7, 9, 11, 13, 15, 17, 19, 21, 23, 25, 27, 29, 31, 33, 35, 37, 39, 41, 43, 45, 47, 49, 51, 53, 55, 57, 59, 61, 63, 65, 67, 69, 71, 73, 75, 77, 79, 81, 83, 85, 87, 89, 91, 93, 95, 97, 99], Nombre de pas: 10
Résultat du lancement de l'algo: 
Fitness obtenue: 23339196 après 9 pas
Nombre de fitness calculé en tout: 17900
Placement pour chaque équipement obtenu: [0, 2, 4, 6, 8, 10, 12, 14, 56, 18, 30, 22, 24, 26, 28, 20, 32, 34, 36, 38, 40, 42, 44, 46, 48, 50, 52, 54, 16, 58, 60, 62, 88, 66, 78, 1, 72, 74, 76, 68, 80, 82, 84, 86, 64, 90, 92, 94, 96, 98, 70, 3, 5, 7, 9, 11, 17, 15, 13, 19, 21, 27, 25, 23, 29, 57, 33, 35, 37, 39, 41, 43, 45, 47, 49, 51, 63, 55, 31, 59, 61, 53, 65, 67, 69, 71, 73, 75, 77, 79, 81, 95, 85, 87, 89, 91, 93, 83, 97, 99]
----------------------------------------------------------------------------------
Temps d'exécution :0:25:57.835443
Les paramètres: 
La plaquette: [0, 1, 2, 3, 4, 5, 6, 7, 8, 9, 10, 11, 12, 13, 14, 15, 16, 17, 18, 19, 20, 21, 22, 23, 24, 25, 26, 27, 28, 29, 30, 31, 32, 33, 34, 35, 36, 37, 38, 39, 40, 41, 42, 43, 44, 45, 46, 47, 48, 49, 50, 51, 52, 53, 54, 55, 56, 57, 58, 59, 60, 61, 62, 63, 64, 65, 66, 67, 68, 69, 70, 71, 72, 73, 74, 75, 76, 77, 78, 79, 80, 81, 82, 83, 84, 85, 86, 87, 88, 89, 90, 91, 92, 93, 94, 95, 96, 97, 98, 99], Nombre de pas: 100
Résultat du lancement de l'algo: 
Fitness obtenue: 22181774 après 98 pas
Nombre de fitness calculé en tout: 179000
Placement pour chaque équipement obtenu: [0, 10, 8, 3, 4, 25, 24, 6, 26, 9, 1, 17, 12, 13, 34, 15, 16, 11, 36, 19, 20, 59, 32, 2, 7, 5, 14, 27, 28, 48, 46, 23, 22, 21, 31, 18, 35, 37, 38, 39, 40, 33, 42, 43, 44, 45, 47, 30, 29, 49, 53, 84, 50, 52, 61, 55, 54, 57, 58, 41, 63, 56, 62, 70, 80, 71, 66, 75, 68, 65, 60, 95, 94, 73, 74, 79, 72, 77, 78, 81, 67, 51, 99, 82, 69, 96, 98, 64, 88, 89, 90, 91, 92, 93, 76, 86, 85, 97, 87, 83]
----------------------------------------------------------------------------------
Temps d'exécution :0:26:24.758418
Les paramètres: 
La plaquette: [99, 98, 97, 96, 95, 94, 93, 92, 91, 90, 89, 88, 87, 86, 85, 84, 83, 82, 81, 80, 79, 78, 77, 76, 75, 74, 73, 72, 71, 70, 69, 68, 67, 66, 65, 64, 63, 62, 61, 60, 59, 58, 57, 56, 55, 54, 53, 52, 51, 50, 49, 48, 47, 46, 45, 44, 43, 42, 41, 40, 39, 38, 37, 36, 35, 34, 33, 32, 31, 30, 29, 28, 27, 26, 25, 24, 23, 22, 21, 20, 19, 18, 17, 16, 15, 14, 13, 12, 11, 10, 9, 8, 7, 6, 5, 4, 3, 2, 1, 0], Nombre de pas: 100
Résultat du lancement de l'algo: 
Fitness obtenue: 22278842 après 98 pas
Nombre de fitness calculé en tout: 178398
Placement pour chaque équipement obtenu: [99, 79, 88, 94, 95, 87, 83, 85, 91, 76, 69, 98, 96, 86, 92, 84, 75, 70, 73, 61, 97, 78, 77, 90, 93, 81, 71, 72, 74, 82, 89, 68, 57, 13, 65, 62, 63, 64, 80, 60, 59, 58, 67, 56, 41, 54, 40, 52, 51, 38, 49, 66, 47, 46, 34, 44, 43, 42, 55, 53, 39, 50, 26, 35, 11, 6, 33, 29, 31, 20, 45, 15, 36, 37, 25, 24, 23, 32, 21, 48, 3, 18, 5, 9, 28, 0, 30, 12, 7, 2, 16, 8, 27, 4, 17, 22, 19, 10, 1, 14]
----------------------------------------------------------------------------------
Temps d'exécution :0:26:33.624699
Les paramètres: 
La plaquette: [0, 2, 4, 6, 8, 10, 12, 14, 16, 18, 20, 22, 24, 26, 28, 30, 32, 34, 36, 38, 40, 42, 44, 46, 48, 50, 52, 54, 56, 58, 60, 62, 64, 66, 68, 70, 72, 74, 76, 78, 80, 82, 84, 86, 88, 90, 92, 94, 96, 98, 1, 3, 5, 7, 9, 11, 13, 15, 17, 19, 21, 23, 25, 27, 29, 31, 33, 35, 37, 39, 41, 43, 45, 47, 49, 51, 53, 55, 57, 59, 61, 63, 65, 67, 69, 71, 73, 75, 77, 79, 81, 83, 85, 87, 89, 91, 93, 95, 97, 99], Nombre de pas: 100
Résultat du lancement de l'algo: 
Fitness obtenue: 22119662 après 98 pas
Nombre de fitness calculé en tout: 179000
Placement pour chaque équipement obtenu: [36, 28, 4, 22, 50, 82, 12, 26, 2, 20, 30, 8, 44, 52, 32, 56, 88, 18, 0, 38, 40, 1, 10, 21, 48, 60, 6, 54, 76, 58, 14, 16, 34, 24, 78, 72, 62, 68, 42, 80, 74, 46, 11, 86, 66, 90, 3, 23, 96, 98, 67, 92, 5, 29, 39, 84, 17, 15, 13, 19, 64, 27, 25, 94, 37, 57, 33, 70, 7, 9, 41, 43, 47, 81, 87, 51, 63, 55, 31, 59, 61, 53, 45, 35, 69, 85, 73, 95, 77, 79, 65, 75, 71, 49, 89, 91, 93, 83, 97, 99]
----------------------------------------------------------------------------------
Temps d'exécution :1:03:47.136556
Les paramètres: 
La plaquette: [0, 1, 2, 3, 4, 5, 6, 7, 8, 9, 10, 11, 12, 13, 14, 15, 16, 17, 18, 19, 20, 21, 22, 23, 24, 25, 26, 27, 28, 29, 30, 31, 32, 33, 34, 35, 36, 37, 38, 39, 40, 41, 42, 43, 44, 45, 46, 47, 48, 49, 50, 51, 52, 53, 54, 55, 56, 57, 58, 59, 60, 61, 62, 63, 64, 65, 66, 67, 68, 69, 70, 71, 72, 73, 74, 75, 76, 77, 78, 79, 80, 81, 82, 83, 84, 85, 86, 87, 88, 89, 90, 91, 92, 93, 94, 95, 96, 97, 98, 99], Nombre de pas: 250
Résultat du lancement de l'algo: 
Fitness obtenue: 22181774 après 248 pas
Nombre de fitness calculé en tout: 447500
Placement pour chaque équipement obtenu: [0, 10, 8, 3, 4, 25, 24, 6, 26, 9, 1, 17, 12, 13, 34, 15, 16, 11, 36, 19, 20, 59, 32, 2, 7, 5, 14, 27, 28, 48, 46, 23, 22, 21, 31, 18, 35, 37, 38, 39, 40, 33, 42, 43, 44, 45, 47, 30, 29, 49, 53, 84, 50, 52, 61, 55, 54, 57, 58, 41, 63, 56, 62, 70, 80, 71, 66, 75, 68, 65, 60, 95, 94, 73, 74, 79, 72, 77, 78, 81, 67, 51, 99, 82, 69, 96, 98, 64, 88, 89, 90, 91, 92, 93, 76, 86, 85, 97, 87, 83]
----------------------------------------------------------------------------------
Temps d'exécution :1:03:32.344131
Les paramètres: 
La plaquette: [99, 98, 97, 96, 95, 94, 93, 92, 91, 90, 89, 88, 87, 86, 85, 84, 83, 82, 81, 80, 79, 78, 77, 76, 75, 74, 73, 72, 71, 70, 69, 68, 67, 66, 65, 64, 63, 62, 61, 60, 59, 58, 57, 56, 55, 54, 53, 52, 51, 50, 49, 48, 47, 46, 45, 44, 43, 42, 41, 40, 39, 38, 37, 36, 35, 34, 33, 32, 31, 30, 29, 28, 27, 26, 25, 24, 23, 22, 21, 20, 19, 18, 17, 16, 15, 14, 13, 12, 11, 10, 9, 8, 7, 6, 5, 4, 3, 2, 1, 0], Nombre de pas: 250
Résultat du lancement de l'algo: 
Fitness obtenue: 22278842 après 248 pas
Nombre de fitness calculé en tout: 444798
Placement pour chaque équipement obtenu: [99, 79, 88, 94, 95, 87, 83, 85, 91, 76, 69, 98, 96, 86, 92, 84, 75, 70, 73, 61, 97, 78, 77, 90, 93, 81, 71, 72, 74, 82, 89, 68, 57, 13, 65, 62, 63, 64, 80, 60, 59, 58, 67, 56, 41, 54, 40, 52, 51, 38, 49, 66, 47, 46, 34, 44, 43, 42, 55, 53, 39, 50, 26, 35, 11, 6, 33, 29, 31, 20, 45, 15, 36, 37, 25, 24, 23, 32, 21, 48, 3, 18, 5, 9, 28, 0, 30, 12, 7, 2, 16, 8, 27, 4, 17, 22, 19, 10, 1, 14]
----------------------------------------------------------------------------------
Temps d'exécution :1:00:03.562666
Les paramètres: 
La plaquette: [0, 2, 4, 6, 8, 10, 12, 14, 16, 18, 20, 22, 24, 26, 28, 30, 32, 34, 36, 38, 40, 42, 44, 46, 48, 50, 52, 54, 56, 58, 60, 62, 64, 66, 68, 70, 72, 74, 76, 78, 80, 82, 84, 86, 88, 90, 92, 94, 96, 98, 1, 3, 5, 7, 9, 11, 13, 15, 17, 19, 21, 23, 25, 27, 29, 31, 33, 35, 37, 39, 41, 43, 45, 47, 49, 51, 53, 55, 57, 59, 61, 63, 65, 67, 69, 71, 73, 75, 77, 79, 81, 83, 85, 87, 89, 91, 93, 95, 97, 99], Nombre de pas: 250
Résultat du lancement de l'algo: 
Fitness obtenue: 22119662 après 248 pas
Nombre de fitness calculé en tout: 447500
Placement pour chaque équipement obtenu: [36, 28, 4, 22, 50, 82, 12, 26, 2, 20, 30, 8, 44, 52, 32, 56, 88, 18, 0, 38, 40, 1, 10, 21, 48, 60, 6, 54, 76, 58, 14, 16, 34, 24, 78, 72, 62, 68, 42, 80, 74, 46, 11, 86, 66, 90, 3, 23, 96, 98, 67, 92, 5, 29, 39, 84, 17, 15, 13, 19, 64, 27, 25, 94, 37, 57, 33, 70, 7, 9, 41, 43, 47, 81, 87, 51, 63, 55, 31, 59, 61, 53, 45, 35, 69, 85, 73, 95, 77, 79, 65, 75, 71, 49, 89, 91, 93, 83, 97, 99]
----------------------------------------------------------------------------------
Temps d'exécution :8:05:24.692062
Les paramètres:
Itération: 10, Nombre de pas: 100
Résultat du lancement de l'algo:
Fitness obtenue: 21997230 après 98 pas
Nombre de fitness calculé en tout: 1789892
Placement pour chaque équipement obtenu: [82 59 43 11 67 41 56 90 40 52 87 66 16 25  9 24 84 60 12 94 75 79  8  4
  2 78 80 15 73  5 97 96 20 45 29 95 27 93 92 33  1 46 22 21 83 51 19 62
 18 64 10 72 61 86 69 70 49  6 42 17 77 58 85 36 89 48 57 55 14  0 65 68
 30 26 38 53 31 34 99 71 54 35 50 81 74 28 98  3 63 39 37 91  7 44 88 76
 32 23 47 13]
----------------------------------------------------------------------------------
Temps d'exécution :10:06:02.818043
Les paramètres:
Itération: 25, Nombre de pas: 75
Résultat du lancement de l'algo:
Fitness obtenue: 22004464 après 73 pas
Nombre de fitness calculé en tout: 3355906
Placement pour chaque équipement obtenu: [49 34 62 59 83 29 77  5 22 69 37 95 67 79 27 35 80 75 19 96 51  2 20 56
 18 89 54 42 52 58 50 97 92 65 99 41 21 30 85 47 91 76 94 74  6 16 73 15
 84 61 38 93  8 68 25 66 10 31 64 24 71 70 14 26 44 40 12 23 11 32 46 55
 53 48 57 45 82 98 36 78 81 28 88 13 39  7  3 43  0 90 63 60  9 17 72 87
 86  4 33  1]
----------------------------------------------------------------------------------
