Temps d'exécution :0:10:08.566947
Les paramètres: 
La plaquette: [0, 1, 2, 3, 4, 5, 6, 7, 8, 9, 10, 11, 12, 13, 14, 15, 16, 17, 18, 19, 20, 21, 22, 23, 24, 25, 26, 27, 28, 29, 30, 31, 32, 33, 34, 35, 36, 37, 38, 39, 40, 41, 42, 43, 44, 45, 46, 47, 48, 49, 50, 51, 52, 53, 54, 55, 56, 57, 58, 59, 60, 61, 62, 63, 64, 65, 66, 67, 68, 69, 70, 71, 72, 73, 74, 75, 76, 77, 78, 79], Nombre de pas: 100
Résultat du lancement de l'algo: 
Fitness obtenue: 14210068 après 98 pas
Nombre de fitness calculé en tout: 139000
Placement pour chaque équipement obtenu: [0, 16, 2, 5, 11, 13, 32, 6, 4, 26, 10, 8, 12, 3, 27, 15, 19, 7, 18, 1, 17, 21, 20, 28, 24, 31, 35, 44, 36, 14, 30, 29, 22, 9, 34, 37, 70, 45, 57, 47, 39, 41, 42, 49, 53, 52, 55, 40, 72, 43, 50, 51, 23, 33, 65, 38, 58, 46, 56, 64, 60, 61, 62, 66, 25, 74, 63, 71, 48, 68, 59, 79, 69, 73, 54, 78, 76, 75, 77, 67]
----------------------------------------------------------------------------------
Temps d'exécution :0:11:20.435863
Les paramètres: 
La plaquette: [79, 78, 77, 76, 75, 74, 73, 72, 71, 70, 69, 68, 67, 66, 65, 64, 63, 62, 61, 60, 59, 58, 57, 56, 55, 54, 53, 52, 51, 50, 49, 48, 47, 46, 45, 44, 43, 42, 41, 40, 39, 38, 37, 36, 35, 34, 33, 32, 31, 30, 29, 28, 27, 26, 25, 24, 23, 22, 21, 20, 19, 18, 17, 16, 15, 14, 13, 12, 11, 10, 9, 8, 7, 6, 5, 4, 3, 2, 1, 0], Nombre de pas: 100
Résultat du lancement de l'algo: 
Fitness obtenue: 14201220 après 99 pas
Nombre de fitness calculé en tout: 139000
Placement pour chaque équipement obtenu: [79, 62, 77, 71, 76, 78, 73, 64, 75, 67, 68, 69, 70, 74, 52, 44, 63, 66, 61, 60, 59, 58, 57, 48, 55, 53, 54, 65, 51, 45, 34, 36, 49, 22, 50, 72, 43, 26, 56, 33, 41, 38, 28, 17, 16, 6, 39, 32, 30, 46, 25, 24, 9, 42, 47, 37, 23, 27, 35, 20, 15, 18, 2, 13, 40, 14, 21, 5, 11, 10, 4, 7, 8, 29, 12, 19, 3, 31, 1, 0]
----------------------------------------------------------------------------------
Temps d'exécution :0:11:03.484475
Les paramètres: 
La plaquette: [0, 2, 4, 6, 8, 10, 12, 14, 16, 18, 20, 22, 24, 26, 28, 30, 32, 34, 36, 38, 40, 42, 44, 46, 48, 50, 52, 54, 56, 58, 60, 62, 64, 66, 68, 70, 72, 74, 76, 78, 1, 3, 5, 7, 9, 11, 13, 15, 17, 19, 21, 23, 25, 27, 29, 31, 33, 35, 37, 39, 41, 43, 45, 47, 49, 51, 53, 55, 57, 59, 61, 63, 65, 67, 69, 71, 73, 75, 77, 79], Nombre de pas: 100
Résultat du lancement de l'algo: 
Fitness obtenue: 14275508 après 98 pas
Nombre de fitness calculé en tout: 139000
Placement pour chaque équipement obtenu: [0, 6, 4, 32, 8, 10, 14, 18, 16, 12, 34, 38, 26, 64, 22, 30, 48, 20, 70, 56, 35, 44, 42, 60, 2, 50, 3, 40, 11, 58, 46, 17, 7, 23, 24, 5, 74, 1, 76, 19, 68, 52, 57, 78, 28, 15, 13, 54, 62, 77, 21, 53, 66, 31, 27, 33, 29, 9, 37, 65, 36, 43, 45, 47, 51, 59, 39, 49, 25, 72, 61, 79, 55, 69, 67, 71, 73, 75, 41, 63]
----------------------------------------------------------------------------------
Temps d'exécution :0:25:57.543463
Les paramètres: 
La plaquette: [0, 1, 2, 3, 4, 5, 6, 7, 8, 9, 10, 11, 12, 13, 14, 15, 16, 17, 18, 19, 20, 21, 22, 23, 24, 25, 26, 27, 28, 29, 30, 31, 32, 33, 34, 35, 36, 37, 38, 39, 40, 41, 42, 43, 44, 45, 46, 47, 48, 49, 50, 51, 52, 53, 54, 55, 56, 57, 58, 59, 60, 61, 62, 63, 64, 65, 66, 67, 68, 69, 70, 71, 72, 73, 74, 75, 76, 77, 78, 79], Nombre de pas: 250
Résultat du lancement de l'algo: 
Fitness obtenue: 14210068 après 248 pas
Nombre de fitness calculé en tout: 347500
Placement pour chaque équipement obtenu: [0, 16, 2, 5, 11, 13, 32, 6, 4, 26, 10, 8, 12, 3, 27, 15, 19, 7, 18, 1, 17, 21, 20, 28, 24, 31, 35, 44, 36, 14, 30, 29, 22, 9, 34, 37, 70, 45, 57, 47, 39, 41, 42, 49, 53, 52, 55, 40, 72, 43, 50, 51, 23, 33, 65, 38, 58, 46, 56, 64, 60, 61, 62, 66, 25, 74, 63, 71, 48, 68, 59, 79, 69, 73, 54, 78, 76, 75, 77, 67]
----------------------------------------------------------------------------------
Temps d'exécution :0:25:39.063351
Les paramètres: 
La plaquette: [79, 78, 77, 76, 75, 74, 73, 72, 71, 70, 69, 68, 67, 66, 65, 64, 63, 62, 61, 60, 59, 58, 57, 56, 55, 54, 53, 52, 51, 50, 49, 48, 47, 46, 45, 44, 43, 42, 41, 40, 39, 38, 37, 36, 35, 34, 33, 32, 31, 30, 29, 28, 27, 26, 25, 24, 23, 22, 21, 20, 19, 18, 17, 16, 15, 14, 13, 12, 11, 10, 9, 8, 7, 6, 5, 4, 3, 2, 1, 0], Nombre de pas: 250
Résultat du lancement de l'algo: 
Fitness obtenue: 14201220 après 249 pas
Nombre de fitness calculé en tout: 347500
Placement pour chaque équipement obtenu: [79, 62, 77, 71, 76, 78, 73, 64, 75, 67, 68, 69, 70, 74, 52, 44, 63, 66, 61, 60, 59, 58, 57, 48, 55, 53, 54, 65, 51, 45, 34, 36, 49, 22, 50, 72, 43, 26, 56, 33, 41, 38, 28, 17, 16, 6, 39, 32, 30, 46, 25, 24, 9, 42, 47, 37, 23, 27, 35, 20, 15, 18, 2, 13, 40, 14, 21, 5, 11, 10, 4, 7, 8, 29, 12, 19, 3, 31, 1, 0]
----------------------------------------------------------------------------------
Temps d'exécution :0:25:22.114006
Les paramètres: 
La plaquette: [0, 2, 4, 6, 8, 10, 12, 14, 16, 18, 20, 22, 24, 26, 28, 30, 32, 34, 36, 38, 40, 42, 44, 46, 48, 50, 52, 54, 56, 58, 60, 62, 64, 66, 68, 70, 72, 74, 76, 78, 1, 3, 5, 7, 9, 11, 13, 15, 17, 19, 21, 23, 25, 27, 29, 31, 33, 35, 37, 39, 41, 43, 45, 47, 49, 51, 53, 55, 57, 59, 61, 63, 65, 67, 69, 71, 73, 75, 77, 79], Nombre de pas: 250
Résultat du lancement de l'algo: 
Fitness obtenue: 14275508 après 248 pas
Nombre de fitness calculé en tout: 347500
Placement pour chaque équipement obtenu: [0, 6, 4, 32, 8, 10, 14, 18, 16, 12, 34, 38, 26, 64, 22, 30, 48, 20, 70, 56, 35, 44, 42, 60, 2, 50, 3, 40, 11, 58, 46, 17, 7, 23, 24, 5, 74, 1, 76, 19, 68, 52, 57, 78, 28, 15, 13, 54, 62, 77, 21, 53, 66, 31, 27, 33, 29, 9, 37, 65, 36, 43, 45, 47, 51, 59, 39, 49, 25, 72, 61, 79, 55, 69, 67, 71, 73, 75, 41, 63]
----------------------------------------------------------------------------------
Temps d'exécution :0:52:46.411800
Les paramètres: 
La plaquette: [0, 1, 2, 3, 4, 5, 6, 7, 8, 9, 10, 11, 12, 13, 14, 15, 16, 17, 18, 19, 20, 21, 22, 23, 24, 25, 26, 27, 28, 29, 30, 31, 32, 33, 34, 35, 36, 37, 38, 39, 40, 41, 42, 43, 44, 45, 46, 47, 48, 49, 50, 51, 52, 53, 54, 55, 56, 57, 58, 59, 60, 61, 62, 63, 64, 65, 66, 67, 68, 69, 70, 71, 72, 73, 74, 75, 76, 77, 78, 79], Nombre de pas: 500
Résultat du lancement de l'algo: 
Fitness obtenue: 14210068 après 498 pas
Nombre de fitness calculé en tout: 695000
Placement pour chaque équipement obtenu: [0, 16, 2, 5, 11, 13, 32, 6, 4, 26, 10, 8, 12, 3, 27, 15, 19, 7, 18, 1, 17, 21, 20, 28, 24, 31, 35, 44, 36, 14, 30, 29, 22, 9, 34, 37, 70, 45, 57, 47, 39, 41, 42, 49, 53, 52, 55, 40, 72, 43, 50, 51, 23, 33, 65, 38, 58, 46, 56, 64, 60, 61, 62, 66, 25, 74, 63, 71, 48, 68, 59, 79, 69, 73, 54, 78, 76, 75, 77, 67]
----------------------------------------------------------------------------------
Temps d'exécution :0:44:29.795701
Les paramètres: 
La plaquette: [79, 78, 77, 76, 75, 74, 73, 72, 71, 70, 69, 68, 67, 66, 65, 64, 63, 62, 61, 60, 59, 58, 57, 56, 55, 54, 53, 52, 51, 50, 49, 48, 47, 46, 45, 44, 43, 42, 41, 40, 39, 38, 37, 36, 35, 34, 33, 32, 31, 30, 29, 28, 27, 26, 25, 24, 23, 22, 21, 20, 19, 18, 17, 16, 15, 14, 13, 12, 11, 10, 9, 8, 7, 6, 5, 4, 3, 2, 1, 0], Nombre de pas: 500
Résultat du lancement de l'algo: 
Fitness obtenue: 14201220 après 499 pas
Nombre de fitness calculé en tout: 695000
Placement pour chaque équipement obtenu: [79, 62, 77, 71, 76, 78, 73, 64, 75, 67, 68, 69, 70, 74, 52, 44, 63, 66, 61, 60, 59, 58, 57, 48, 55, 53, 54, 65, 51, 45, 34, 36, 49, 22, 50, 72, 43, 26, 56, 33, 41, 38, 28, 17, 16, 6, 39, 32, 30, 46, 25, 24, 9, 42, 47, 37, 23, 27, 35, 20, 15, 18, 2, 13, 40, 14, 21, 5, 11, 10, 4, 7, 8, 29, 12, 19, 3, 31, 1, 0]
----------------------------------------------------------------------------------
Temps d'exécution :0:40:20.054777
Les paramètres: 
La plaquette: [0, 2, 4, 6, 8, 10, 12, 14, 16, 18, 20, 22, 24, 26, 28, 30, 32, 34, 36, 38, 40, 42, 44, 46, 48, 50, 52, 54, 56, 58, 60, 62, 64, 66, 68, 70, 72, 74, 76, 78, 1, 3, 5, 7, 9, 11, 13, 15, 17, 19, 21, 23, 25, 27, 29, 31, 33, 35, 37, 39, 41, 43, 45, 47, 49, 51, 53, 55, 57, 59, 61, 63, 65, 67, 69, 71, 73, 75, 77, 79], Nombre de pas: 500
Résultat du lancement de l'algo: 
Fitness obtenue: 14275508 après 498 pas
Nombre de fitness calculé en tout: 695000
Placement pour chaque équipement obtenu: [0, 6, 4, 32, 8, 10, 14, 18, 16, 12, 34, 38, 26, 64, 22, 30, 48, 20, 70, 56, 35, 44, 42, 60, 2, 50, 3, 40, 11, 58, 46, 17, 7, 23, 24, 5, 74, 1, 76, 19, 68, 52, 57, 78, 28, 15, 13, 54, 62, 77, 21, 53, 66, 31, 27, 33, 29, 9, 37, 65, 36, 43, 45, 47, 51, 59, 39, 49, 25, 72, 61, 79, 55, 69, 67, 71, 73, 75, 41, 63]
----------------------------------------------------------------------------------
Temps d'exécution :0:08:07.680348
Les paramètres: 
La plaquette: [0, 1, 2, 3, 4, 5, 6, 7, 8, 9, 10, 11, 12, 13, 14, 15, 16, 17, 18, 19, 20, 21, 22, 23, 24, 25, 26, 27, 28, 29, 30, 31, 32, 33, 34, 35, 36, 37, 38, 39, 40, 41, 42, 43, 44, 45, 46, 47, 48, 49, 50, 51, 52, 53, 54, 55, 56, 57, 58, 59, 60, 61, 62, 63, 64, 65, 66, 67, 68, 69, 70, 71, 72, 73, 74, 75, 76, 77, 78, 79], Nombre de pas: 100
Résultat du lancement de l'algo: 
Fitness obtenue: 14210068 après 98 pas
Nombre de fitness calculé en tout: 139000
Placement pour chaque équipement obtenu: [0, 16, 2, 5, 11, 13, 32, 6, 4, 26, 10, 8, 12, 3, 27, 15, 19, 7, 18, 1, 17, 21, 20, 28, 24, 31, 35, 44, 36, 14, 30, 29, 22, 9, 34, 37, 70, 45, 57, 47, 39, 41, 42, 49, 53, 52, 55, 40, 72, 43, 50, 51, 23, 33, 65, 38, 58, 46, 56, 64, 60, 61, 62, 66, 25, 74, 63, 71, 48, 68, 59, 79, 69, 73, 54, 78, 76, 75, 77, 67]
----------------------------------------------------------------------------------
Temps d'exécution :0:08:02.944017
Les paramètres: 
La plaquette: [79, 78, 77, 76, 75, 74, 73, 72, 71, 70, 69, 68, 67, 66, 65, 64, 63, 62, 61, 60, 59, 58, 57, 56, 55, 54, 53, 52, 51, 50, 49, 48, 47, 46, 45, 44, 43, 42, 41, 40, 39, 38, 37, 36, 35, 34, 33, 32, 31, 30, 29, 28, 27, 26, 25, 24, 23, 22, 21, 20, 19, 18, 17, 16, 15, 14, 13, 12, 11, 10, 9, 8, 7, 6, 5, 4, 3, 2, 1, 0], Nombre de pas: 100
Résultat du lancement de l'algo: 
Fitness obtenue: 14201220 après 99 pas
Nombre de fitness calculé en tout: 139000
Placement pour chaque équipement obtenu: [79, 62, 77, 71, 76, 78, 73, 64, 75, 67, 68, 69, 70, 74, 52, 44, 63, 66, 61, 60, 59, 58, 57, 48, 55, 53, 54, 65, 51, 45, 34, 36, 49, 22, 50, 72, 43, 26, 56, 33, 41, 38, 28, 17, 16, 6, 39, 32, 30, 46, 25, 24, 9, 42, 47, 37, 23, 27, 35, 20, 15, 18, 2, 13, 40, 14, 21, 5, 11, 10, 4, 7, 8, 29, 12, 19, 3, 31, 1, 0]
----------------------------------------------------------------------------------
Temps d'exécution :0:08:04.657397
Les paramètres: 
La plaquette: [0, 2, 4, 6, 8, 10, 12, 14, 16, 18, 20, 22, 24, 26, 28, 30, 32, 34, 36, 38, 40, 42, 44, 46, 48, 50, 52, 54, 56, 58, 60, 62, 64, 66, 68, 70, 72, 74, 76, 78, 1, 3, 5, 7, 9, 11, 13, 15, 17, 19, 21, 23, 25, 27, 29, 31, 33, 35, 37, 39, 41, 43, 45, 47, 49, 51, 53, 55, 57, 59, 61, 63, 65, 67, 69, 71, 73, 75, 77, 79], Nombre de pas: 100
Résultat du lancement de l'algo: 
Fitness obtenue: 14275508 après 98 pas
Nombre de fitness calculé en tout: 139000
Placement pour chaque équipement obtenu: [0, 6, 4, 32, 8, 10, 14, 18, 16, 12, 34, 38, 26, 64, 22, 30, 48, 20, 70, 56, 35, 44, 42, 60, 2, 50, 3, 40, 11, 58, 46, 17, 7, 23, 24, 5, 74, 1, 76, 19, 68, 52, 57, 78, 28, 15, 13, 54, 62, 77, 21, 53, 66, 31, 27, 33, 29, 9, 37, 65, 36, 43, 45, 47, 51, 59, 39, 49, 25, 72, 61, 79, 55, 69, 67, 71, 73, 75, 41, 63]
----------------------------------------------------------------------------------
Temps d'exécution :0:20:14.122950
Les paramètres: 
La plaquette: [0, 1, 2, 3, 4, 5, 6, 7, 8, 9, 10, 11, 12, 13, 14, 15, 16, 17, 18, 19, 20, 21, 22, 23, 24, 25, 26, 27, 28, 29, 30, 31, 32, 33, 34, 35, 36, 37, 38, 39, 40, 41, 42, 43, 44, 45, 46, 47, 48, 49, 50, 51, 52, 53, 54, 55, 56, 57, 58, 59, 60, 61, 62, 63, 64, 65, 66, 67, 68, 69, 70, 71, 72, 73, 74, 75, 76, 77, 78, 79], Nombre de pas: 250
Résultat du lancement de l'algo: 
Fitness obtenue: 14210068 après 248 pas
Nombre de fitness calculé en tout: 347500
Placement pour chaque équipement obtenu: [0, 16, 2, 5, 11, 13, 32, 6, 4, 26, 10, 8, 12, 3, 27, 15, 19, 7, 18, 1, 17, 21, 20, 28, 24, 31, 35, 44, 36, 14, 30, 29, 22, 9, 34, 37, 70, 45, 57, 47, 39, 41, 42, 49, 53, 52, 55, 40, 72, 43, 50, 51, 23, 33, 65, 38, 58, 46, 56, 64, 60, 61, 62, 66, 25, 74, 63, 71, 48, 68, 59, 79, 69, 73, 54, 78, 76, 75, 77, 67]
----------------------------------------------------------------------------------
Temps d'exécution :0:20:50.219388
Les paramètres: 
La plaquette: [79, 78, 77, 76, 75, 74, 73, 72, 71, 70, 69, 68, 67, 66, 65, 64, 63, 62, 61, 60, 59, 58, 57, 56, 55, 54, 53, 52, 51, 50, 49, 48, 47, 46, 45, 44, 43, 42, 41, 40, 39, 38, 37, 36, 35, 34, 33, 32, 31, 30, 29, 28, 27, 26, 25, 24, 23, 22, 21, 20, 19, 18, 17, 16, 15, 14, 13, 12, 11, 10, 9, 8, 7, 6, 5, 4, 3, 2, 1, 0], Nombre de pas: 250
Résultat du lancement de l'algo: 
Fitness obtenue: 14201220 après 249 pas
Nombre de fitness calculé en tout: 347500
Placement pour chaque équipement obtenu: [79, 62, 77, 71, 76, 78, 73, 64, 75, 67, 68, 69, 70, 74, 52, 44, 63, 66, 61, 60, 59, 58, 57, 48, 55, 53, 54, 65, 51, 45, 34, 36, 49, 22, 50, 72, 43, 26, 56, 33, 41, 38, 28, 17, 16, 6, 39, 32, 30, 46, 25, 24, 9, 42, 47, 37, 23, 27, 35, 20, 15, 18, 2, 13, 40, 14, 21, 5, 11, 10, 4, 7, 8, 29, 12, 19, 3, 31, 1, 0]
----------------------------------------------------------------------------------
Temps d'exécution :0:19:53.495132
Les paramètres: 
La plaquette: [0, 2, 4, 6, 8, 10, 12, 14, 16, 18, 20, 22, 24, 26, 28, 30, 32, 34, 36, 38, 40, 42, 44, 46, 48, 50, 52, 54, 56, 58, 60, 62, 64, 66, 68, 70, 72, 74, 76, 78, 1, 3, 5, 7, 9, 11, 13, 15, 17, 19, 21, 23, 25, 27, 29, 31, 33, 35, 37, 39, 41, 43, 45, 47, 49, 51, 53, 55, 57, 59, 61, 63, 65, 67, 69, 71, 73, 75, 77, 79], Nombre de pas: 250
Résultat du lancement de l'algo: 
Fitness obtenue: 14275508 après 248 pas
Nombre de fitness calculé en tout: 347500
Placement pour chaque équipement obtenu: [0, 6, 4, 32, 8, 10, 14, 18, 16, 12, 34, 38, 26, 64, 22, 30, 48, 20, 70, 56, 35, 44, 42, 60, 2, 50, 3, 40, 11, 58, 46, 17, 7, 23, 24, 5, 74, 1, 76, 19, 68, 52, 57, 78, 28, 15, 13, 54, 62, 77, 21, 53, 66, 31, 27, 33, 29, 9, 37, 65, 36, 43, 45, 47, 51, 59, 39, 49, 25, 72, 61, 79, 55, 69, 67, 71, 73, 75, 41, 63]
----------------------------------------------------------------------------------
Temps d'exécution :0:40:40.305641
Les paramètres: 
La plaquette: [0, 1, 2, 3, 4, 5, 6, 7, 8, 9, 10, 11, 12, 13, 14, 15, 16, 17, 18, 19, 20, 21, 22, 23, 24, 25, 26, 27, 28, 29, 30, 31, 32, 33, 34, 35, 36, 37, 38, 39, 40, 41, 42, 43, 44, 45, 46, 47, 48, 49, 50, 51, 52, 53, 54, 55, 56, 57, 58, 59, 60, 61, 62, 63, 64, 65, 66, 67, 68, 69, 70, 71, 72, 73, 74, 75, 76, 77, 78, 79], Nombre de pas: 500
Résultat du lancement de l'algo: 
Fitness obtenue: 14210068 après 498 pas
Nombre de fitness calculé en tout: 695000
Placement pour chaque équipement obtenu: [0, 16, 2, 5, 11, 13, 32, 6, 4, 26, 10, 8, 12, 3, 27, 15, 19, 7, 18, 1, 17, 21, 20, 28, 24, 31, 35, 44, 36, 14, 30, 29, 22, 9, 34, 37, 70, 45, 57, 47, 39, 41, 42, 49, 53, 52, 55, 40, 72, 43, 50, 51, 23, 33, 65, 38, 58, 46, 56, 64, 60, 61, 62, 66, 25, 74, 63, 71, 48, 68, 59, 79, 69, 73, 54, 78, 76, 75, 77, 67]
----------------------------------------------------------------------------------
Temps d'exécution :0:39:45.255909
Les paramètres: 
La plaquette: [79, 78, 77, 76, 75, 74, 73, 72, 71, 70, 69, 68, 67, 66, 65, 64, 63, 62, 61, 60, 59, 58, 57, 56, 55, 54, 53, 52, 51, 50, 49, 48, 47, 46, 45, 44, 43, 42, 41, 40, 39, 38, 37, 36, 35, 34, 33, 32, 31, 30, 29, 28, 27, 26, 25, 24, 23, 22, 21, 20, 19, 18, 17, 16, 15, 14, 13, 12, 11, 10, 9, 8, 7, 6, 5, 4, 3, 2, 1, 0], Nombre de pas: 500
Résultat du lancement de l'algo: 
Fitness obtenue: 14201220 après 499 pas
Nombre de fitness calculé en tout: 695000
Placement pour chaque équipement obtenu: [79, 62, 77, 71, 76, 78, 73, 64, 75, 67, 68, 69, 70, 74, 52, 44, 63, 66, 61, 60, 59, 58, 57, 48, 55, 53, 54, 65, 51, 45, 34, 36, 49, 22, 50, 72, 43, 26, 56, 33, 41, 38, 28, 17, 16, 6, 39, 32, 30, 46, 25, 24, 9, 42, 47, 37, 23, 27, 35, 20, 15, 18, 2, 13, 40, 14, 21, 5, 11, 10, 4, 7, 8, 29, 12, 19, 3, 31, 1, 0]
----------------------------------------------------------------------------------
Temps d'exécution :0:39:34.994361
Les paramètres: 
La plaquette: [0, 2, 4, 6, 8, 10, 12, 14, 16, 18, 20, 22, 24, 26, 28, 30, 32, 34, 36, 38, 40, 42, 44, 46, 48, 50, 52, 54, 56, 58, 60, 62, 64, 66, 68, 70, 72, 74, 76, 78, 1, 3, 5, 7, 9, 11, 13, 15, 17, 19, 21, 23, 25, 27, 29, 31, 33, 35, 37, 39, 41, 43, 45, 47, 49, 51, 53, 55, 57, 59, 61, 63, 65, 67, 69, 71, 73, 75, 77, 79], Nombre de pas: 500
Résultat du lancement de l'algo: 
Fitness obtenue: 14275508 après 498 pas
Nombre de fitness calculé en tout: 695000
Placement pour chaque équipement obtenu: [0, 6, 4, 32, 8, 10, 14, 18, 16, 12, 34, 38, 26, 64, 22, 30, 48, 20, 70, 56, 35, 44, 42, 60, 2, 50, 3, 40, 11, 58, 46, 17, 7, 23, 24, 5, 74, 1, 76, 19, 68, 52, 57, 78, 28, 15, 13, 54, 62, 77, 21, 53, 66, 31, 27, 33, 29, 9, 37, 65, 36, 43, 45, 47, 51, 59, 39, 49, 25, 72, 61, 79, 55, 69, 67, 71, 73, 75, 41, 63]
----------------------------------------------------------------------------------
Temps d'exécution :0:07:27.256490
Les paramètres: 
La plaquette: [0, 1, 2, 3, 4, 5, 6, 7, 8, 9, 10, 11, 12, 13, 14, 15, 16, 17, 18, 19, 20, 21, 22, 23, 24, 25, 26, 27, 28, 29, 30, 31, 32, 33, 34, 35, 36, 37, 38, 39, 40, 41, 42, 43, 44, 45, 46, 47, 48, 49, 50, 51, 52, 53, 54, 55, 56, 57, 58, 59, 60, 61, 62, 63, 64, 65, 66, 67, 68, 69, 70, 71, 72, 73, 74, 75, 76, 77, 78, 79], Nombre de pas: 100
Résultat du lancement de l'algo: 
Fitness obtenue: 14210068 après 98 pas
Nombre de fitness calculé en tout: 139000
Placement pour chaque équipement obtenu: [0, 16, 2, 5, 11, 13, 32, 6, 4, 26, 10, 8, 12, 3, 27, 15, 19, 7, 18, 1, 17, 21, 20, 28, 24, 31, 35, 44, 36, 14, 30, 29, 22, 9, 34, 37, 70, 45, 57, 47, 39, 41, 42, 49, 53, 52, 55, 40, 72, 43, 50, 51, 23, 33, 65, 38, 58, 46, 56, 64, 60, 61, 62, 66, 25, 74, 63, 71, 48, 68, 59, 79, 69, 73, 54, 78, 76, 75, 77, 67]
----------------------------------------------------------------------------------
Temps d'exécution :0:07:59.591182
Les paramètres: 
La plaquette: [79, 78, 77, 76, 75, 74, 73, 72, 71, 70, 69, 68, 67, 66, 65, 64, 63, 62, 61, 60, 59, 58, 57, 56, 55, 54, 53, 52, 51, 50, 49, 48, 47, 46, 45, 44, 43, 42, 41, 40, 39, 38, 37, 36, 35, 34, 33, 32, 31, 30, 29, 28, 27, 26, 25, 24, 23, 22, 21, 20, 19, 18, 17, 16, 15, 14, 13, 12, 11, 10, 9, 8, 7, 6, 5, 4, 3, 2, 1, 0], Nombre de pas: 100
Résultat du lancement de l'algo: 
Fitness obtenue: 14201220 après 99 pas
Nombre de fitness calculé en tout: 139000
Placement pour chaque équipement obtenu: [79, 62, 77, 71, 76, 78, 73, 64, 75, 67, 68, 69, 70, 74, 52, 44, 63, 66, 61, 60, 59, 58, 57, 48, 55, 53, 54, 65, 51, 45, 34, 36, 49, 22, 50, 72, 43, 26, 56, 33, 41, 38, 28, 17, 16, 6, 39, 32, 30, 46, 25, 24, 9, 42, 47, 37, 23, 27, 35, 20, 15, 18, 2, 13, 40, 14, 21, 5, 11, 10, 4, 7, 8, 29, 12, 19, 3, 31, 1, 0]
----------------------------------------------------------------------------------
Temps d'exécution :0:08:06.777212
Les paramètres: 
La plaquette: [0, 2, 4, 6, 8, 10, 12, 14, 16, 18, 20, 22, 24, 26, 28, 30, 32, 34, 36, 38, 40, 42, 44, 46, 48, 50, 52, 54, 56, 58, 60, 62, 64, 66, 68, 70, 72, 74, 76, 78, 1, 3, 5, 7, 9, 11, 13, 15, 17, 19, 21, 23, 25, 27, 29, 31, 33, 35, 37, 39, 41, 43, 45, 47, 49, 51, 53, 55, 57, 59, 61, 63, 65, 67, 69, 71, 73, 75, 77, 79], Nombre de pas: 100
Résultat du lancement de l'algo: 
Fitness obtenue: 14275508 après 98 pas
Nombre de fitness calculé en tout: 139000
Placement pour chaque équipement obtenu: [0, 6, 4, 32, 8, 10, 14, 18, 16, 12, 34, 38, 26, 64, 22, 30, 48, 20, 70, 56, 35, 44, 42, 60, 2, 50, 3, 40, 11, 58, 46, 17, 7, 23, 24, 5, 74, 1, 76, 19, 68, 52, 57, 78, 28, 15, 13, 54, 62, 77, 21, 53, 66, 31, 27, 33, 29, 9, 37, 65, 36, 43, 45, 47, 51, 59, 39, 49, 25, 72, 61, 79, 55, 69, 67, 71, 73, 75, 41, 63]
----------------------------------------------------------------------------------
Temps d'exécution :0:19:22.569170
Les paramètres: 
La plaquette: [0, 1, 2, 3, 4, 5, 6, 7, 8, 9, 10, 11, 12, 13, 14, 15, 16, 17, 18, 19, 20, 21, 22, 23, 24, 25, 26, 27, 28, 29, 30, 31, 32, 33, 34, 35, 36, 37, 38, 39, 40, 41, 42, 43, 44, 45, 46, 47, 48, 49, 50, 51, 52, 53, 54, 55, 56, 57, 58, 59, 60, 61, 62, 63, 64, 65, 66, 67, 68, 69, 70, 71, 72, 73, 74, 75, 76, 77, 78, 79], Nombre de pas: 250
Résultat du lancement de l'algo: 
Fitness obtenue: 14210068 après 248 pas
Nombre de fitness calculé en tout: 347500
Placement pour chaque équipement obtenu: [0, 16, 2, 5, 11, 13, 32, 6, 4, 26, 10, 8, 12, 3, 27, 15, 19, 7, 18, 1, 17, 21, 20, 28, 24, 31, 35, 44, 36, 14, 30, 29, 22, 9, 34, 37, 70, 45, 57, 47, 39, 41, 42, 49, 53, 52, 55, 40, 72, 43, 50, 51, 23, 33, 65, 38, 58, 46, 56, 64, 60, 61, 62, 66, 25, 74, 63, 71, 48, 68, 59, 79, 69, 73, 54, 78, 76, 75, 77, 67]
----------------------------------------------------------------------------------
Temps d'exécution :0:19:01.091539
Les paramètres: 
La plaquette: [79, 78, 77, 76, 75, 74, 73, 72, 71, 70, 69, 68, 67, 66, 65, 64, 63, 62, 61, 60, 59, 58, 57, 56, 55, 54, 53, 52, 51, 50, 49, 48, 47, 46, 45, 44, 43, 42, 41, 40, 39, 38, 37, 36, 35, 34, 33, 32, 31, 30, 29, 28, 27, 26, 25, 24, 23, 22, 21, 20, 19, 18, 17, 16, 15, 14, 13, 12, 11, 10, 9, 8, 7, 6, 5, 4, 3, 2, 1, 0], Nombre de pas: 250
Résultat du lancement de l'algo: 
Fitness obtenue: 14201220 après 249 pas
Nombre de fitness calculé en tout: 347500
Placement pour chaque équipement obtenu: [79, 62, 77, 71, 76, 78, 73, 64, 75, 67, 68, 69, 70, 74, 52, 44, 63, 66, 61, 60, 59, 58, 57, 48, 55, 53, 54, 65, 51, 45, 34, 36, 49, 22, 50, 72, 43, 26, 56, 33, 41, 38, 28, 17, 16, 6, 39, 32, 30, 46, 25, 24, 9, 42, 47, 37, 23, 27, 35, 20, 15, 18, 2, 13, 40, 14, 21, 5, 11, 10, 4, 7, 8, 29, 12, 19, 3, 31, 1, 0]
----------------------------------------------------------------------------------
Temps d'exécution :0:18:38.559960
Les paramètres: 
La plaquette: [0, 2, 4, 6, 8, 10, 12, 14, 16, 18, 20, 22, 24, 26, 28, 30, 32, 34, 36, 38, 40, 42, 44, 46, 48, 50, 52, 54, 56, 58, 60, 62, 64, 66, 68, 70, 72, 74, 76, 78, 1, 3, 5, 7, 9, 11, 13, 15, 17, 19, 21, 23, 25, 27, 29, 31, 33, 35, 37, 39, 41, 43, 45, 47, 49, 51, 53, 55, 57, 59, 61, 63, 65, 67, 69, 71, 73, 75, 77, 79], Nombre de pas: 250
Résultat du lancement de l'algo: 
Fitness obtenue: 14275508 après 248 pas
Nombre de fitness calculé en tout: 347500
Placement pour chaque équipement obtenu: [0, 6, 4, 32, 8, 10, 14, 18, 16, 12, 34, 38, 26, 64, 22, 30, 48, 20, 70, 56, 35, 44, 42, 60, 2, 50, 3, 40, 11, 58, 46, 17, 7, 23, 24, 5, 74, 1, 76, 19, 68, 52, 57, 78, 28, 15, 13, 54, 62, 77, 21, 53, 66, 31, 27, 33, 29, 9, 37, 65, 36, 43, 45, 47, 51, 59, 39, 49, 25, 72, 61, 79, 55, 69, 67, 71, 73, 75, 41, 63]
----------------------------------------------------------------------------------
Temps d'exécution :0:37:35.244282
Les paramètres: 
La plaquette: [0, 1, 2, 3, 4, 5, 6, 7, 8, 9, 10, 11, 12, 13, 14, 15, 16, 17, 18, 19, 20, 21, 22, 23, 24, 25, 26, 27, 28, 29, 30, 31, 32, 33, 34, 35, 36, 37, 38, 39, 40, 41, 42, 43, 44, 45, 46, 47, 48, 49, 50, 51, 52, 53, 54, 55, 56, 57, 58, 59, 60, 61, 62, 63, 64, 65, 66, 67, 68, 69, 70, 71, 72, 73, 74, 75, 76, 77, 78, 79], Nombre de pas: 500
Résultat du lancement de l'algo: 
Fitness obtenue: 14210068 après 498 pas
Nombre de fitness calculé en tout: 695000
Placement pour chaque équipement obtenu: [0, 16, 2, 5, 11, 13, 32, 6, 4, 26, 10, 8, 12, 3, 27, 15, 19, 7, 18, 1, 17, 21, 20, 28, 24, 31, 35, 44, 36, 14, 30, 29, 22, 9, 34, 37, 70, 45, 57, 47, 39, 41, 42, 49, 53, 52, 55, 40, 72, 43, 50, 51, 23, 33, 65, 38, 58, 46, 56, 64, 60, 61, 62, 66, 25, 74, 63, 71, 48, 68, 59, 79, 69, 73, 54, 78, 76, 75, 77, 67]
----------------------------------------------------------------------------------
Temps d'exécution :0:45:57.598188
Les paramètres: 
La plaquette: [79, 78, 77, 76, 75, 74, 73, 72, 71, 70, 69, 68, 67, 66, 65, 64, 63, 62, 61, 60, 59, 58, 57, 56, 55, 54, 53, 52, 51, 50, 49, 48, 47, 46, 45, 44, 43, 42, 41, 40, 39, 38, 37, 36, 35, 34, 33, 32, 31, 30, 29, 28, 27, 26, 25, 24, 23, 22, 21, 20, 19, 18, 17, 16, 15, 14, 13, 12, 11, 10, 9, 8, 7, 6, 5, 4, 3, 2, 1, 0], Nombre de pas: 500
Résultat du lancement de l'algo: 
Fitness obtenue: 14201220 après 499 pas
Nombre de fitness calculé en tout: 695000
Placement pour chaque équipement obtenu: [79, 62, 77, 71, 76, 78, 73, 64, 75, 67, 68, 69, 70, 74, 52, 44, 63, 66, 61, 60, 59, 58, 57, 48, 55, 53, 54, 65, 51, 45, 34, 36, 49, 22, 50, 72, 43, 26, 56, 33, 41, 38, 28, 17, 16, 6, 39, 32, 30, 46, 25, 24, 9, 42, 47, 37, 23, 27, 35, 20, 15, 18, 2, 13, 40, 14, 21, 5, 11, 10, 4, 7, 8, 29, 12, 19, 3, 31, 1, 0]
----------------------------------------------------------------------------------
Temps d'exécution :0:36:39.262492
Les paramètres: 
La plaquette: [0, 2, 4, 6, 8, 10, 12, 14, 16, 18, 20, 22, 24, 26, 28, 30, 32, 34, 36, 38, 40, 42, 44, 46, 48, 50, 52, 54, 56, 58, 60, 62, 64, 66, 68, 70, 72, 74, 76, 78, 1, 3, 5, 7, 9, 11, 13, 15, 17, 19, 21, 23, 25, 27, 29, 31, 33, 35, 37, 39, 41, 43, 45, 47, 49, 51, 53, 55, 57, 59, 61, 63, 65, 67, 69, 71, 73, 75, 77, 79], Nombre de pas: 500
Résultat du lancement de l'algo: 
Fitness obtenue: 14275508 après 498 pas
Nombre de fitness calculé en tout: 695000
Placement pour chaque équipement obtenu: [0, 6, 4, 32, 8, 10, 14, 18, 16, 12, 34, 38, 26, 64, 22, 30, 48, 20, 70, 56, 35, 44, 42, 60, 2, 50, 3, 40, 11, 58, 46, 17, 7, 23, 24, 5, 74, 1, 76, 19, 68, 52, 57, 78, 28, 15, 13, 54, 62, 77, 21, 53, 66, 31, 27, 33, 29, 9, 37, 65, 36, 43, 45, 47, 51, 59, 39, 49, 25, 72, 61, 79, 55, 69, 67, 71, 73, 75, 41, 63]
----------------------------------------------------------------------------------
Temps d'exécution :0:07:18.413145
Les paramètres: 
La plaquette: [0, 1, 2, 3, 4, 5, 6, 7, 8, 9, 10, 11, 12, 13, 14, 15, 16, 17, 18, 19, 20, 21, 22, 23, 24, 25, 26, 27, 28, 29, 30, 31, 32, 33, 34, 35, 36, 37, 38, 39, 40, 41, 42, 43, 44, 45, 46, 47, 48, 49, 50, 51, 52, 53, 54, 55, 56, 57, 58, 59, 60, 61, 62, 63, 64, 65, 66, 67, 68, 69, 70, 71, 72, 73, 74, 75, 76, 77, 78, 79], Nombre de pas: 100
Résultat du lancement de l'algo: 
Fitness obtenue: 14210068 après 98 pas
Nombre de fitness calculé en tout: 139000
Placement pour chaque équipement obtenu: [0, 16, 2, 5, 11, 13, 32, 6, 4, 26, 10, 8, 12, 3, 27, 15, 19, 7, 18, 1, 17, 21, 20, 28, 24, 31, 35, 44, 36, 14, 30, 29, 22, 9, 34, 37, 70, 45, 57, 47, 39, 41, 42, 49, 53, 52, 55, 40, 72, 43, 50, 51, 23, 33, 65, 38, 58, 46, 56, 64, 60, 61, 62, 66, 25, 74, 63, 71, 48, 68, 59, 79, 69, 73, 54, 78, 76, 75, 77, 67]
----------------------------------------------------------------------------------
Temps d'exécution :0:07:53.468683
Les paramètres: 
La plaquette: [79, 78, 77, 76, 75, 74, 73, 72, 71, 70, 69, 68, 67, 66, 65, 64, 63, 62, 61, 60, 59, 58, 57, 56, 55, 54, 53, 52, 51, 50, 49, 48, 47, 46, 45, 44, 43, 42, 41, 40, 39, 38, 37, 36, 35, 34, 33, 32, 31, 30, 29, 28, 27, 26, 25, 24, 23, 22, 21, 20, 19, 18, 17, 16, 15, 14, 13, 12, 11, 10, 9, 8, 7, 6, 5, 4, 3, 2, 1, 0], Nombre de pas: 100
Résultat du lancement de l'algo: 
Fitness obtenue: 14201220 après 99 pas
Nombre de fitness calculé en tout: 139000
Placement pour chaque équipement obtenu: [79, 62, 77, 71, 76, 78, 73, 64, 75, 67, 68, 69, 70, 74, 52, 44, 63, 66, 61, 60, 59, 58, 57, 48, 55, 53, 54, 65, 51, 45, 34, 36, 49, 22, 50, 72, 43, 26, 56, 33, 41, 38, 28, 17, 16, 6, 39, 32, 30, 46, 25, 24, 9, 42, 47, 37, 23, 27, 35, 20, 15, 18, 2, 13, 40, 14, 21, 5, 11, 10, 4, 7, 8, 29, 12, 19, 3, 31, 1, 0]
----------------------------------------------------------------------------------
Temps d'exécution :0:07:42.430594
Les paramètres: 
La plaquette: [0, 2, 4, 6, 8, 10, 12, 14, 16, 18, 20, 22, 24, 26, 28, 30, 32, 34, 36, 38, 40, 42, 44, 46, 48, 50, 52, 54, 56, 58, 60, 62, 64, 66, 68, 70, 72, 74, 76, 78, 1, 3, 5, 7, 9, 11, 13, 15, 17, 19, 21, 23, 25, 27, 29, 31, 33, 35, 37, 39, 41, 43, 45, 47, 49, 51, 53, 55, 57, 59, 61, 63, 65, 67, 69, 71, 73, 75, 77, 79], Nombre de pas: 100
Résultat du lancement de l'algo: 
Fitness obtenue: 14275508 après 98 pas
Nombre de fitness calculé en tout: 139000
Placement pour chaque équipement obtenu: [0, 6, 4, 32, 8, 10, 14, 18, 16, 12, 34, 38, 26, 64, 22, 30, 48, 20, 70, 56, 35, 44, 42, 60, 2, 50, 3, 40, 11, 58, 46, 17, 7, 23, 24, 5, 74, 1, 76, 19, 68, 52, 57, 78, 28, 15, 13, 54, 62, 77, 21, 53, 66, 31, 27, 33, 29, 9, 37, 65, 36, 43, 45, 47, 51, 59, 39, 49, 25, 72, 61, 79, 55, 69, 67, 71, 73, 75, 41, 63]
----------------------------------------------------------------------------------
Temps d'exécution :0:19:27.003278
Les paramètres: 
La plaquette: [0, 1, 2, 3, 4, 5, 6, 7, 8, 9, 10, 11, 12, 13, 14, 15, 16, 17, 18, 19, 20, 21, 22, 23, 24, 25, 26, 27, 28, 29, 30, 31, 32, 33, 34, 35, 36, 37, 38, 39, 40, 41, 42, 43, 44, 45, 46, 47, 48, 49, 50, 51, 52, 53, 54, 55, 56, 57, 58, 59, 60, 61, 62, 63, 64, 65, 66, 67, 68, 69, 70, 71, 72, 73, 74, 75, 76, 77, 78, 79], Nombre de pas: 250
Résultat du lancement de l'algo: 
Fitness obtenue: 14210068 après 248 pas
Nombre de fitness calculé en tout: 347500
Placement pour chaque équipement obtenu: [0, 16, 2, 5, 11, 13, 32, 6, 4, 26, 10, 8, 12, 3, 27, 15, 19, 7, 18, 1, 17, 21, 20, 28, 24, 31, 35, 44, 36, 14, 30, 29, 22, 9, 34, 37, 70, 45, 57, 47, 39, 41, 42, 49, 53, 52, 55, 40, 72, 43, 50, 51, 23, 33, 65, 38, 58, 46, 56, 64, 60, 61, 62, 66, 25, 74, 63, 71, 48, 68, 59, 79, 69, 73, 54, 78, 76, 75, 77, 67]
----------------------------------------------------------------------------------
Temps d'exécution :0:19:19.743716
Les paramètres: 
La plaquette: [79, 78, 77, 76, 75, 74, 73, 72, 71, 70, 69, 68, 67, 66, 65, 64, 63, 62, 61, 60, 59, 58, 57, 56, 55, 54, 53, 52, 51, 50, 49, 48, 47, 46, 45, 44, 43, 42, 41, 40, 39, 38, 37, 36, 35, 34, 33, 32, 31, 30, 29, 28, 27, 26, 25, 24, 23, 22, 21, 20, 19, 18, 17, 16, 15, 14, 13, 12, 11, 10, 9, 8, 7, 6, 5, 4, 3, 2, 1, 0], Nombre de pas: 250
Résultat du lancement de l'algo: 
Fitness obtenue: 14201220 après 249 pas
Nombre de fitness calculé en tout: 347500
Placement pour chaque équipement obtenu: [79, 62, 77, 71, 76, 78, 73, 64, 75, 67, 68, 69, 70, 74, 52, 44, 63, 66, 61, 60, 59, 58, 57, 48, 55, 53, 54, 65, 51, 45, 34, 36, 49, 22, 50, 72, 43, 26, 56, 33, 41, 38, 28, 17, 16, 6, 39, 32, 30, 46, 25, 24, 9, 42, 47, 37, 23, 27, 35, 20, 15, 18, 2, 13, 40, 14, 21, 5, 11, 10, 4, 7, 8, 29, 12, 19, 3, 31, 1, 0]
----------------------------------------------------------------------------------
Temps d'exécution :0:19:22.208375
Les paramètres: 
La plaquette: [0, 2, 4, 6, 8, 10, 12, 14, 16, 18, 20, 22, 24, 26, 28, 30, 32, 34, 36, 38, 40, 42, 44, 46, 48, 50, 52, 54, 56, 58, 60, 62, 64, 66, 68, 70, 72, 74, 76, 78, 1, 3, 5, 7, 9, 11, 13, 15, 17, 19, 21, 23, 25, 27, 29, 31, 33, 35, 37, 39, 41, 43, 45, 47, 49, 51, 53, 55, 57, 59, 61, 63, 65, 67, 69, 71, 73, 75, 77, 79], Nombre de pas: 250
Résultat du lancement de l'algo: 
Fitness obtenue: 14275508 après 248 pas
Nombre de fitness calculé en tout: 347500
Placement pour chaque équipement obtenu: [0, 6, 4, 32, 8, 10, 14, 18, 16, 12, 34, 38, 26, 64, 22, 30, 48, 20, 70, 56, 35, 44, 42, 60, 2, 50, 3, 40, 11, 58, 46, 17, 7, 23, 24, 5, 74, 1, 76, 19, 68, 52, 57, 78, 28, 15, 13, 54, 62, 77, 21, 53, 66, 31, 27, 33, 29, 9, 37, 65, 36, 43, 45, 47, 51, 59, 39, 49, 25, 72, 61, 79, 55, 69, 67, 71, 73, 75, 41, 63]
----------------------------------------------------------------------------------
Temps d'exécution :0:35:50.144750
Les paramètres: 
La plaquette: [0, 1, 2, 3, 4, 5, 6, 7, 8, 9, 10, 11, 12, 13, 14, 15, 16, 17, 18, 19, 20, 21, 22, 23, 24, 25, 26, 27, 28, 29, 30, 31, 32, 33, 34, 35, 36, 37, 38, 39, 40, 41, 42, 43, 44, 45, 46, 47, 48, 49, 50, 51, 52, 53, 54, 55, 56, 57, 58, 59, 60, 61, 62, 63, 64, 65, 66, 67, 68, 69, 70, 71, 72, 73, 74, 75, 76, 77, 78, 79], Nombre de pas: 500
Résultat du lancement de l'algo: 
Fitness obtenue: 14210068 après 498 pas
Nombre de fitness calculé en tout: 695000
Placement pour chaque équipement obtenu: [0, 16, 2, 5, 11, 13, 32, 6, 4, 26, 10, 8, 12, 3, 27, 15, 19, 7, 18, 1, 17, 21, 20, 28, 24, 31, 35, 44, 36, 14, 30, 29, 22, 9, 34, 37, 70, 45, 57, 47, 39, 41, 42, 49, 53, 52, 55, 40, 72, 43, 50, 51, 23, 33, 65, 38, 58, 46, 56, 64, 60, 61, 62, 66, 25, 74, 63, 71, 48, 68, 59, 79, 69, 73, 54, 78, 76, 75, 77, 67]
----------------------------------------------------------------------------------
Temps d'exécution :0:36:02.207196
Les paramètres: 
La plaquette: [79, 78, 77, 76, 75, 74, 73, 72, 71, 70, 69, 68, 67, 66, 65, 64, 63, 62, 61, 60, 59, 58, 57, 56, 55, 54, 53, 52, 51, 50, 49, 48, 47, 46, 45, 44, 43, 42, 41, 40, 39, 38, 37, 36, 35, 34, 33, 32, 31, 30, 29, 28, 27, 26, 25, 24, 23, 22, 21, 20, 19, 18, 17, 16, 15, 14, 13, 12, 11, 10, 9, 8, 7, 6, 5, 4, 3, 2, 1, 0], Nombre de pas: 500
Résultat du lancement de l'algo: 
Fitness obtenue: 14201220 après 499 pas
Nombre de fitness calculé en tout: 695000
Placement pour chaque équipement obtenu: [79, 62, 77, 71, 76, 78, 73, 64, 75, 67, 68, 69, 70, 74, 52, 44, 63, 66, 61, 60, 59, 58, 57, 48, 55, 53, 54, 65, 51, 45, 34, 36, 49, 22, 50, 72, 43, 26, 56, 33, 41, 38, 28, 17, 16, 6, 39, 32, 30, 46, 25, 24, 9, 42, 47, 37, 23, 27, 35, 20, 15, 18, 2, 13, 40, 14, 21, 5, 11, 10, 4, 7, 8, 29, 12, 19, 3, 31, 1, 0]
----------------------------------------------------------------------------------
Temps d'exécution :0:41:51.823063
Les paramètres: 
La plaquette: [0, 2, 4, 6, 8, 10, 12, 14, 16, 18, 20, 22, 24, 26, 28, 30, 32, 34, 36, 38, 40, 42, 44, 46, 48, 50, 52, 54, 56, 58, 60, 62, 64, 66, 68, 70, 72, 74, 76, 78, 1, 3, 5, 7, 9, 11, 13, 15, 17, 19, 21, 23, 25, 27, 29, 31, 33, 35, 37, 39, 41, 43, 45, 47, 49, 51, 53, 55, 57, 59, 61, 63, 65, 67, 69, 71, 73, 75, 77, 79], Nombre de pas: 500
Résultat du lancement de l'algo: 
Fitness obtenue: 14275508 après 498 pas
Nombre de fitness calculé en tout: 695000
Placement pour chaque équipement obtenu: [0, 6, 4, 32, 8, 10, 14, 18, 16, 12, 34, 38, 26, 64, 22, 30, 48, 20, 70, 56, 35, 44, 42, 60, 2, 50, 3, 40, 11, 58, 46, 17, 7, 23, 24, 5, 74, 1, 76, 19, 68, 52, 57, 78, 28, 15, 13, 54, 62, 77, 21, 53, 66, 31, 27, 33, 29, 9, 37, 65, 36, 43, 45, 47, 51, 59, 39, 49, 25, 72, 61, 79, 55, 69, 67, 71, 73, 75, 41, 63]
----------------------------------------------------------------------------------
Temps d'exécution :0:08:11.906048
Les paramètres: 
La plaquette: [0, 1, 2, 3, 4, 5, 6, 7, 8, 9, 10, 11, 12, 13, 14, 15, 16, 17, 18, 19, 20, 21, 22, 23, 24, 25, 26, 27, 28, 29, 30, 31, 32, 33, 34, 35, 36, 37, 38, 39, 40, 41, 42, 43, 44, 45, 46, 47, 48, 49, 50, 51, 52, 53, 54, 55, 56, 57, 58, 59, 60, 61, 62, 63, 64, 65, 66, 67, 68, 69, 70, 71, 72, 73, 74, 75, 76, 77, 78, 79], Nombre de pas: 100
Résultat du lancement de l'algo: 
Fitness obtenue: 14210068 après 98 pas
Nombre de fitness calculé en tout: 139000
Placement pour chaque équipement obtenu: [0, 16, 2, 5, 11, 13, 32, 6, 4, 26, 10, 8, 12, 3, 27, 15, 19, 7, 18, 1, 17, 21, 20, 28, 24, 31, 35, 44, 36, 14, 30, 29, 22, 9, 34, 37, 70, 45, 57, 47, 39, 41, 42, 49, 53, 52, 55, 40, 72, 43, 50, 51, 23, 33, 65, 38, 58, 46, 56, 64, 60, 61, 62, 66, 25, 74, 63, 71, 48, 68, 59, 79, 69, 73, 54, 78, 76, 75, 77, 67]
----------------------------------------------------------------------------------
Temps d'exécution :0:07:33.709273
Les paramètres: 
La plaquette: [79, 78, 77, 76, 75, 74, 73, 72, 71, 70, 69, 68, 67, 66, 65, 64, 63, 62, 61, 60, 59, 58, 57, 56, 55, 54, 53, 52, 51, 50, 49, 48, 47, 46, 45, 44, 43, 42, 41, 40, 39, 38, 37, 36, 35, 34, 33, 32, 31, 30, 29, 28, 27, 26, 25, 24, 23, 22, 21, 20, 19, 18, 17, 16, 15, 14, 13, 12, 11, 10, 9, 8, 7, 6, 5, 4, 3, 2, 1, 0], Nombre de pas: 100
Résultat du lancement de l'algo: 
Fitness obtenue: 14201220 après 99 pas
Nombre de fitness calculé en tout: 139000
Placement pour chaque équipement obtenu: [79, 62, 77, 71, 76, 78, 73, 64, 75, 67, 68, 69, 70, 74, 52, 44, 63, 66, 61, 60, 59, 58, 57, 48, 55, 53, 54, 65, 51, 45, 34, 36, 49, 22, 50, 72, 43, 26, 56, 33, 41, 38, 28, 17, 16, 6, 39, 32, 30, 46, 25, 24, 9, 42, 47, 37, 23, 27, 35, 20, 15, 18, 2, 13, 40, 14, 21, 5, 11, 10, 4, 7, 8, 29, 12, 19, 3, 31, 1, 0]
----------------------------------------------------------------------------------
Temps d'exécution :0:07:27.925699
Les paramètres: 
La plaquette: [0, 2, 4, 6, 8, 10, 12, 14, 16, 18, 20, 22, 24, 26, 28, 30, 32, 34, 36, 38, 40, 42, 44, 46, 48, 50, 52, 54, 56, 58, 60, 62, 64, 66, 68, 70, 72, 74, 76, 78, 1, 3, 5, 7, 9, 11, 13, 15, 17, 19, 21, 23, 25, 27, 29, 31, 33, 35, 37, 39, 41, 43, 45, 47, 49, 51, 53, 55, 57, 59, 61, 63, 65, 67, 69, 71, 73, 75, 77, 79], Nombre de pas: 100
Résultat du lancement de l'algo: 
Fitness obtenue: 14275508 après 98 pas
Nombre de fitness calculé en tout: 139000
Placement pour chaque équipement obtenu: [0, 6, 4, 32, 8, 10, 14, 18, 16, 12, 34, 38, 26, 64, 22, 30, 48, 20, 70, 56, 35, 44, 42, 60, 2, 50, 3, 40, 11, 58, 46, 17, 7, 23, 24, 5, 74, 1, 76, 19, 68, 52, 57, 78, 28, 15, 13, 54, 62, 77, 21, 53, 66, 31, 27, 33, 29, 9, 37, 65, 36, 43, 45, 47, 51, 59, 39, 49, 25, 72, 61, 79, 55, 69, 67, 71, 73, 75, 41, 63]
----------------------------------------------------------------------------------
Temps d'exécution :0:24:12.450368
Les paramètres: 
La plaquette: [0, 1, 2, 3, 4, 5, 6, 7, 8, 9, 10, 11, 12, 13, 14, 15, 16, 17, 18, 19, 20, 21, 22, 23, 24, 25, 26, 27, 28, 29, 30, 31, 32, 33, 34, 35, 36, 37, 38, 39, 40, 41, 42, 43, 44, 45, 46, 47, 48, 49, 50, 51, 52, 53, 54, 55, 56, 57, 58, 59, 60, 61, 62, 63, 64, 65, 66, 67, 68, 69, 70, 71, 72, 73, 74, 75, 76, 77, 78, 79], Nombre de pas: 250
Résultat du lancement de l'algo: 
Fitness obtenue: 14210068 après 248 pas
Nombre de fitness calculé en tout: 347500
Placement pour chaque équipement obtenu: [0, 16, 2, 5, 11, 13, 32, 6, 4, 26, 10, 8, 12, 3, 27, 15, 19, 7, 18, 1, 17, 21, 20, 28, 24, 31, 35, 44, 36, 14, 30, 29, 22, 9, 34, 37, 70, 45, 57, 47, 39, 41, 42, 49, 53, 52, 55, 40, 72, 43, 50, 51, 23, 33, 65, 38, 58, 46, 56, 64, 60, 61, 62, 66, 25, 74, 63, 71, 48, 68, 59, 79, 69, 73, 54, 78, 76, 75, 77, 67]
----------------------------------------------------------------------------------
Temps d'exécution :0:25:35.044124
Les paramètres: 
La plaquette: [79, 78, 77, 76, 75, 74, 73, 72, 71, 70, 69, 68, 67, 66, 65, 64, 63, 62, 61, 60, 59, 58, 57, 56, 55, 54, 53, 52, 51, 50, 49, 48, 47, 46, 45, 44, 43, 42, 41, 40, 39, 38, 37, 36, 35, 34, 33, 32, 31, 30, 29, 28, 27, 26, 25, 24, 23, 22, 21, 20, 19, 18, 17, 16, 15, 14, 13, 12, 11, 10, 9, 8, 7, 6, 5, 4, 3, 2, 1, 0], Nombre de pas: 250
Résultat du lancement de l'algo: 
Fitness obtenue: 14201220 après 249 pas
Nombre de fitness calculé en tout: 347500
Placement pour chaque équipement obtenu: [79, 62, 77, 71, 76, 78, 73, 64, 75, 67, 68, 69, 70, 74, 52, 44, 63, 66, 61, 60, 59, 58, 57, 48, 55, 53, 54, 65, 51, 45, 34, 36, 49, 22, 50, 72, 43, 26, 56, 33, 41, 38, 28, 17, 16, 6, 39, 32, 30, 46, 25, 24, 9, 42, 47, 37, 23, 27, 35, 20, 15, 18, 2, 13, 40, 14, 21, 5, 11, 10, 4, 7, 8, 29, 12, 19, 3, 31, 1, 0]
----------------------------------------------------------------------------------
Temps d'exécution :0:27:06.194567
Les paramètres: 
La plaquette: [0, 2, 4, 6, 8, 10, 12, 14, 16, 18, 20, 22, 24, 26, 28, 30, 32, 34, 36, 38, 40, 42, 44, 46, 48, 50, 52, 54, 56, 58, 60, 62, 64, 66, 68, 70, 72, 74, 76, 78, 1, 3, 5, 7, 9, 11, 13, 15, 17, 19, 21, 23, 25, 27, 29, 31, 33, 35, 37, 39, 41, 43, 45, 47, 49, 51, 53, 55, 57, 59, 61, 63, 65, 67, 69, 71, 73, 75, 77, 79], Nombre de pas: 250
Résultat du lancement de l'algo: 
Fitness obtenue: 14275508 après 248 pas
Nombre de fitness calculé en tout: 347500
Placement pour chaque équipement obtenu: [0, 6, 4, 32, 8, 10, 14, 18, 16, 12, 34, 38, 26, 64, 22, 30, 48, 20, 70, 56, 35, 44, 42, 60, 2, 50, 3, 40, 11, 58, 46, 17, 7, 23, 24, 5, 74, 1, 76, 19, 68, 52, 57, 78, 28, 15, 13, 54, 62, 77, 21, 53, 66, 31, 27, 33, 29, 9, 37, 65, 36, 43, 45, 47, 51, 59, 39, 49, 25, 72, 61, 79, 55, 69, 67, 71, 73, 75, 41, 63]
----------------------------------------------------------------------------------
Temps d'exécution :0:51:24.776537
Les paramètres: 
La plaquette: [0, 1, 2, 3, 4, 5, 6, 7, 8, 9, 10, 11, 12, 13, 14, 15, 16, 17, 18, 19, 20, 21, 22, 23, 24, 25, 26, 27, 28, 29, 30, 31, 32, 33, 34, 35, 36, 37, 38, 39, 40, 41, 42, 43, 44, 45, 46, 47, 48, 49, 50, 51, 52, 53, 54, 55, 56, 57, 58, 59, 60, 61, 62, 63, 64, 65, 66, 67, 68, 69, 70, 71, 72, 73, 74, 75, 76, 77, 78, 79], Nombre de pas: 500
Résultat du lancement de l'algo: 
Fitness obtenue: 14210068 après 498 pas
Nombre de fitness calculé en tout: 695000
Placement pour chaque équipement obtenu: [0, 16, 2, 5, 11, 13, 32, 6, 4, 26, 10, 8, 12, 3, 27, 15, 19, 7, 18, 1, 17, 21, 20, 28, 24, 31, 35, 44, 36, 14, 30, 29, 22, 9, 34, 37, 70, 45, 57, 47, 39, 41, 42, 49, 53, 52, 55, 40, 72, 43, 50, 51, 23, 33, 65, 38, 58, 46, 56, 64, 60, 61, 62, 66, 25, 74, 63, 71, 48, 68, 59, 79, 69, 73, 54, 78, 76, 75, 77, 67]
----------------------------------------------------------------------------------
Temps d'exécution :0:53:22.109644
Les paramètres: 
La plaquette: [79, 78, 77, 76, 75, 74, 73, 72, 71, 70, 69, 68, 67, 66, 65, 64, 63, 62, 61, 60, 59, 58, 57, 56, 55, 54, 53, 52, 51, 50, 49, 48, 47, 46, 45, 44, 43, 42, 41, 40, 39, 38, 37, 36, 35, 34, 33, 32, 31, 30, 29, 28, 27, 26, 25, 24, 23, 22, 21, 20, 19, 18, 17, 16, 15, 14, 13, 12, 11, 10, 9, 8, 7, 6, 5, 4, 3, 2, 1, 0], Nombre de pas: 500
Résultat du lancement de l'algo: 
Fitness obtenue: 14201220 après 499 pas
Nombre de fitness calculé en tout: 695000
Placement pour chaque équipement obtenu: [79, 62, 77, 71, 76, 78, 73, 64, 75, 67, 68, 69, 70, 74, 52, 44, 63, 66, 61, 60, 59, 58, 57, 48, 55, 53, 54, 65, 51, 45, 34, 36, 49, 22, 50, 72, 43, 26, 56, 33, 41, 38, 28, 17, 16, 6, 39, 32, 30, 46, 25, 24, 9, 42, 47, 37, 23, 27, 35, 20, 15, 18, 2, 13, 40, 14, 21, 5, 11, 10, 4, 7, 8, 29, 12, 19, 3, 31, 1, 0]
----------------------------------------------------------------------------------
Temps d'exécution :0:53:16.329107
Les paramètres: 
La plaquette: [0, 2, 4, 6, 8, 10, 12, 14, 16, 18, 20, 22, 24, 26, 28, 30, 32, 34, 36, 38, 40, 42, 44, 46, 48, 50, 52, 54, 56, 58, 60, 62, 64, 66, 68, 70, 72, 74, 76, 78, 1, 3, 5, 7, 9, 11, 13, 15, 17, 19, 21, 23, 25, 27, 29, 31, 33, 35, 37, 39, 41, 43, 45, 47, 49, 51, 53, 55, 57, 59, 61, 63, 65, 67, 69, 71, 73, 75, 77, 79], Nombre de pas: 500
Résultat du lancement de l'algo: 
Fitness obtenue: 14275508 après 498 pas
Nombre de fitness calculé en tout: 695000
Placement pour chaque équipement obtenu: [0, 6, 4, 32, 8, 10, 14, 18, 16, 12, 34, 38, 26, 64, 22, 30, 48, 20, 70, 56, 35, 44, 42, 60, 2, 50, 3, 40, 11, 58, 46, 17, 7, 23, 24, 5, 74, 1, 76, 19, 68, 52, 57, 78, 28, 15, 13, 54, 62, 77, 21, 53, 66, 31, 27, 33, 29, 9, 37, 65, 36, 43, 45, 47, 51, 59, 39, 49, 25, 72, 61, 79, 55, 69, 67, 71, 73, 75, 41, 63]
----------------------------------------------------------------------------------
Temps d'exécution :0:10:52.867433
Les paramètres: 
La plaquette: [0, 1, 2, 3, 4, 5, 6, 7, 8, 9, 10, 11, 12, 13, 14, 15, 16, 17, 18, 19, 20, 21, 22, 23, 24, 25, 26, 27, 28, 29, 30, 31, 32, 33, 34, 35, 36, 37, 38, 39, 40, 41, 42, 43, 44, 45, 46, 47, 48, 49, 50, 51, 52, 53, 54, 55, 56, 57, 58, 59, 60, 61, 62, 63, 64, 65, 66, 67, 68, 69, 70, 71, 72, 73, 74, 75, 76, 77, 78, 79], Nombre de pas: 100
Résultat du lancement de l'algo: 
Fitness obtenue: 14210068 après 98 pas
Nombre de fitness calculé en tout: 139000
Placement pour chaque équipement obtenu: [0, 16, 2, 5, 11, 13, 32, 6, 4, 26, 10, 8, 12, 3, 27, 15, 19, 7, 18, 1, 17, 21, 20, 28, 24, 31, 35, 44, 36, 14, 30, 29, 22, 9, 34, 37, 70, 45, 57, 47, 39, 41, 42, 49, 53, 52, 55, 40, 72, 43, 50, 51, 23, 33, 65, 38, 58, 46, 56, 64, 60, 61, 62, 66, 25, 74, 63, 71, 48, 68, 59, 79, 69, 73, 54, 78, 76, 75, 77, 67]
----------------------------------------------------------------------------------
Temps d'exécution :0:10:40.251185
Les paramètres: 
La plaquette: [79, 78, 77, 76, 75, 74, 73, 72, 71, 70, 69, 68, 67, 66, 65, 64, 63, 62, 61, 60, 59, 58, 57, 56, 55, 54, 53, 52, 51, 50, 49, 48, 47, 46, 45, 44, 43, 42, 41, 40, 39, 38, 37, 36, 35, 34, 33, 32, 31, 30, 29, 28, 27, 26, 25, 24, 23, 22, 21, 20, 19, 18, 17, 16, 15, 14, 13, 12, 11, 10, 9, 8, 7, 6, 5, 4, 3, 2, 1, 0], Nombre de pas: 100
Résultat du lancement de l'algo: 
Fitness obtenue: 14201220 après 99 pas
Nombre de fitness calculé en tout: 139000
Placement pour chaque équipement obtenu: [79, 62, 77, 71, 76, 78, 73, 64, 75, 67, 68, 69, 70, 74, 52, 44, 63, 66, 61, 60, 59, 58, 57, 48, 55, 53, 54, 65, 51, 45, 34, 36, 49, 22, 50, 72, 43, 26, 56, 33, 41, 38, 28, 17, 16, 6, 39, 32, 30, 46, 25, 24, 9, 42, 47, 37, 23, 27, 35, 20, 15, 18, 2, 13, 40, 14, 21, 5, 11, 10, 4, 7, 8, 29, 12, 19, 3, 31, 1, 0]
----------------------------------------------------------------------------------
Temps d'exécution :0:10:43.191321
Les paramètres: 
La plaquette: [0, 2, 4, 6, 8, 10, 12, 14, 16, 18, 20, 22, 24, 26, 28, 30, 32, 34, 36, 38, 40, 42, 44, 46, 48, 50, 52, 54, 56, 58, 60, 62, 64, 66, 68, 70, 72, 74, 76, 78, 1, 3, 5, 7, 9, 11, 13, 15, 17, 19, 21, 23, 25, 27, 29, 31, 33, 35, 37, 39, 41, 43, 45, 47, 49, 51, 53, 55, 57, 59, 61, 63, 65, 67, 69, 71, 73, 75, 77, 79], Nombre de pas: 100
Résultat du lancement de l'algo: 
Fitness obtenue: 14275508 après 98 pas
Nombre de fitness calculé en tout: 139000
Placement pour chaque équipement obtenu: [0, 6, 4, 32, 8, 10, 14, 18, 16, 12, 34, 38, 26, 64, 22, 30, 48, 20, 70, 56, 35, 44, 42, 60, 2, 50, 3, 40, 11, 58, 46, 17, 7, 23, 24, 5, 74, 1, 76, 19, 68, 52, 57, 78, 28, 15, 13, 54, 62, 77, 21, 53, 66, 31, 27, 33, 29, 9, 37, 65, 36, 43, 45, 47, 51, 59, 39, 49, 25, 72, 61, 79, 55, 69, 67, 71, 73, 75, 41, 63]
----------------------------------------------------------------------------------
Temps d'exécution :0:26:58.205938
Les paramètres: 
La plaquette: [0, 1, 2, 3, 4, 5, 6, 7, 8, 9, 10, 11, 12, 13, 14, 15, 16, 17, 18, 19, 20, 21, 22, 23, 24, 25, 26, 27, 28, 29, 30, 31, 32, 33, 34, 35, 36, 37, 38, 39, 40, 41, 42, 43, 44, 45, 46, 47, 48, 49, 50, 51, 52, 53, 54, 55, 56, 57, 58, 59, 60, 61, 62, 63, 64, 65, 66, 67, 68, 69, 70, 71, 72, 73, 74, 75, 76, 77, 78, 79], Nombre de pas: 250
Résultat du lancement de l'algo: 
Fitness obtenue: 14210068 après 248 pas
Nombre de fitness calculé en tout: 347500
Placement pour chaque équipement obtenu: [0, 16, 2, 5, 11, 13, 32, 6, 4, 26, 10, 8, 12, 3, 27, 15, 19, 7, 18, 1, 17, 21, 20, 28, 24, 31, 35, 44, 36, 14, 30, 29, 22, 9, 34, 37, 70, 45, 57, 47, 39, 41, 42, 49, 53, 52, 55, 40, 72, 43, 50, 51, 23, 33, 65, 38, 58, 46, 56, 64, 60, 61, 62, 66, 25, 74, 63, 71, 48, 68, 59, 79, 69, 73, 54, 78, 76, 75, 77, 67]
----------------------------------------------------------------------------------
Temps d'exécution :0:26:52.202997
Les paramètres: 
La plaquette: [79, 78, 77, 76, 75, 74, 73, 72, 71, 70, 69, 68, 67, 66, 65, 64, 63, 62, 61, 60, 59, 58, 57, 56, 55, 54, 53, 52, 51, 50, 49, 48, 47, 46, 45, 44, 43, 42, 41, 40, 39, 38, 37, 36, 35, 34, 33, 32, 31, 30, 29, 28, 27, 26, 25, 24, 23, 22, 21, 20, 19, 18, 17, 16, 15, 14, 13, 12, 11, 10, 9, 8, 7, 6, 5, 4, 3, 2, 1, 0], Nombre de pas: 250
Résultat du lancement de l'algo: 
Fitness obtenue: 14201220 après 249 pas
Nombre de fitness calculé en tout: 347500
Placement pour chaque équipement obtenu: [79, 62, 77, 71, 76, 78, 73, 64, 75, 67, 68, 69, 70, 74, 52, 44, 63, 66, 61, 60, 59, 58, 57, 48, 55, 53, 54, 65, 51, 45, 34, 36, 49, 22, 50, 72, 43, 26, 56, 33, 41, 38, 28, 17, 16, 6, 39, 32, 30, 46, 25, 24, 9, 42, 47, 37, 23, 27, 35, 20, 15, 18, 2, 13, 40, 14, 21, 5, 11, 10, 4, 7, 8, 29, 12, 19, 3, 31, 1, 0]
----------------------------------------------------------------------------------
Temps d'exécution :0:26:49.688725
Les paramètres: 
La plaquette: [0, 2, 4, 6, 8, 10, 12, 14, 16, 18, 20, 22, 24, 26, 28, 30, 32, 34, 36, 38, 40, 42, 44, 46, 48, 50, 52, 54, 56, 58, 60, 62, 64, 66, 68, 70, 72, 74, 76, 78, 1, 3, 5, 7, 9, 11, 13, 15, 17, 19, 21, 23, 25, 27, 29, 31, 33, 35, 37, 39, 41, 43, 45, 47, 49, 51, 53, 55, 57, 59, 61, 63, 65, 67, 69, 71, 73, 75, 77, 79], Nombre de pas: 250
Résultat du lancement de l'algo: 
Fitness obtenue: 14275508 après 248 pas
Nombre de fitness calculé en tout: 347500
Placement pour chaque équipement obtenu: [0, 6, 4, 32, 8, 10, 14, 18, 16, 12, 34, 38, 26, 64, 22, 30, 48, 20, 70, 56, 35, 44, 42, 60, 2, 50, 3, 40, 11, 58, 46, 17, 7, 23, 24, 5, 74, 1, 76, 19, 68, 52, 57, 78, 28, 15, 13, 54, 62, 77, 21, 53, 66, 31, 27, 33, 29, 9, 37, 65, 36, 43, 45, 47, 51, 59, 39, 49, 25, 72, 61, 79, 55, 69, 67, 71, 73, 75, 41, 63]
----------------------------------------------------------------------------------
Temps d'exécution :0:55:00.622098
Les paramètres: 
La plaquette: [0, 1, 2, 3, 4, 5, 6, 7, 8, 9, 10, 11, 12, 13, 14, 15, 16, 17, 18, 19, 20, 21, 22, 23, 24, 25, 26, 27, 28, 29, 30, 31, 32, 33, 34, 35, 36, 37, 38, 39, 40, 41, 42, 43, 44, 45, 46, 47, 48, 49, 50, 51, 52, 53, 54, 55, 56, 57, 58, 59, 60, 61, 62, 63, 64, 65, 66, 67, 68, 69, 70, 71, 72, 73, 74, 75, 76, 77, 78, 79], Nombre de pas: 500
Résultat du lancement de l'algo: 
Fitness obtenue: 14210068 après 498 pas
Nombre de fitness calculé en tout: 695000
Placement pour chaque équipement obtenu: [0, 16, 2, 5, 11, 13, 32, 6, 4, 26, 10, 8, 12, 3, 27, 15, 19, 7, 18, 1, 17, 21, 20, 28, 24, 31, 35, 44, 36, 14, 30, 29, 22, 9, 34, 37, 70, 45, 57, 47, 39, 41, 42, 49, 53, 52, 55, 40, 72, 43, 50, 51, 23, 33, 65, 38, 58, 46, 56, 64, 60, 61, 62, 66, 25, 74, 63, 71, 48, 68, 59, 79, 69, 73, 54, 78, 76, 75, 77, 67]
----------------------------------------------------------------------------------
Temps d'exécution :0:53:25.604295
Les paramètres: 
La plaquette: [79, 78, 77, 76, 75, 74, 73, 72, 71, 70, 69, 68, 67, 66, 65, 64, 63, 62, 61, 60, 59, 58, 57, 56, 55, 54, 53, 52, 51, 50, 49, 48, 47, 46, 45, 44, 43, 42, 41, 40, 39, 38, 37, 36, 35, 34, 33, 32, 31, 30, 29, 28, 27, 26, 25, 24, 23, 22, 21, 20, 19, 18, 17, 16, 15, 14, 13, 12, 11, 10, 9, 8, 7, 6, 5, 4, 3, 2, 1, 0], Nombre de pas: 500
Résultat du lancement de l'algo: 
Fitness obtenue: 14201220 après 499 pas
Nombre de fitness calculé en tout: 695000
Placement pour chaque équipement obtenu: [79, 62, 77, 71, 76, 78, 73, 64, 75, 67, 68, 69, 70, 74, 52, 44, 63, 66, 61, 60, 59, 58, 57, 48, 55, 53, 54, 65, 51, 45, 34, 36, 49, 22, 50, 72, 43, 26, 56, 33, 41, 38, 28, 17, 16, 6, 39, 32, 30, 46, 25, 24, 9, 42, 47, 37, 23, 27, 35, 20, 15, 18, 2, 13, 40, 14, 21, 5, 11, 10, 4, 7, 8, 29, 12, 19, 3, 31, 1, 0]
----------------------------------------------------------------------------------
Temps d'exécution :0:54:14.602215
Les paramètres: 
La plaquette: [0, 2, 4, 6, 8, 10, 12, 14, 16, 18, 20, 22, 24, 26, 28, 30, 32, 34, 36, 38, 40, 42, 44, 46, 48, 50, 52, 54, 56, 58, 60, 62, 64, 66, 68, 70, 72, 74, 76, 78, 1, 3, 5, 7, 9, 11, 13, 15, 17, 19, 21, 23, 25, 27, 29, 31, 33, 35, 37, 39, 41, 43, 45, 47, 49, 51, 53, 55, 57, 59, 61, 63, 65, 67, 69, 71, 73, 75, 77, 79], Nombre de pas: 500
Résultat du lancement de l'algo: 
Fitness obtenue: 14275508 après 498 pas
Nombre de fitness calculé en tout: 695000
Placement pour chaque équipement obtenu: [0, 6, 4, 32, 8, 10, 14, 18, 16, 12, 34, 38, 26, 64, 22, 30, 48, 20, 70, 56, 35, 44, 42, 60, 2, 50, 3, 40, 11, 58, 46, 17, 7, 23, 24, 5, 74, 1, 76, 19, 68, 52, 57, 78, 28, 15, 13, 54, 62, 77, 21, 53, 66, 31, 27, 33, 29, 9, 37, 65, 36, 43, 45, 47, 51, 59, 39, 49, 25, 72, 61, 79, 55, 69, 67, 71, 73, 75, 41, 63]
----------------------------------------------------------------------------------
Temps d'exécution :0:10:53.042964
Les paramètres: 
La plaquette: [0, 1, 2, 3, 4, 5, 6, 7, 8, 9, 10, 11, 12, 13, 14, 15, 16, 17, 18, 19, 20, 21, 22, 23, 24, 25, 26, 27, 28, 29, 30, 31, 32, 33, 34, 35, 36, 37, 38, 39, 40, 41, 42, 43, 44, 45, 46, 47, 48, 49, 50, 51, 52, 53, 54, 55, 56, 57, 58, 59, 60, 61, 62, 63, 64, 65, 66, 67, 68, 69, 70, 71, 72, 73, 74, 75, 76, 77, 78, 79], Nombre de pas: 100
Résultat du lancement de l'algo: 
Fitness obtenue: 14210068 après 98 pas
Nombre de fitness calculé en tout: 139000
Placement pour chaque équipement obtenu: [0, 16, 2, 5, 11, 13, 32, 6, 4, 26, 10, 8, 12, 3, 27, 15, 19, 7, 18, 1, 17, 21, 20, 28, 24, 31, 35, 44, 36, 14, 30, 29, 22, 9, 34, 37, 70, 45, 57, 47, 39, 41, 42, 49, 53, 52, 55, 40, 72, 43, 50, 51, 23, 33, 65, 38, 58, 46, 56, 64, 60, 61, 62, 66, 25, 74, 63, 71, 48, 68, 59, 79, 69, 73, 54, 78, 76, 75, 77, 67]
----------------------------------------------------------------------------------
Temps d'exécution :0:10:46.965224
Les paramètres: 
La plaquette: [79, 78, 77, 76, 75, 74, 73, 72, 71, 70, 69, 68, 67, 66, 65, 64, 63, 62, 61, 60, 59, 58, 57, 56, 55, 54, 53, 52, 51, 50, 49, 48, 47, 46, 45, 44, 43, 42, 41, 40, 39, 38, 37, 36, 35, 34, 33, 32, 31, 30, 29, 28, 27, 26, 25, 24, 23, 22, 21, 20, 19, 18, 17, 16, 15, 14, 13, 12, 11, 10, 9, 8, 7, 6, 5, 4, 3, 2, 1, 0], Nombre de pas: 100
Résultat du lancement de l'algo: 
Fitness obtenue: 14201220 après 99 pas
Nombre de fitness calculé en tout: 139000
Placement pour chaque équipement obtenu: [79, 62, 77, 71, 76, 78, 73, 64, 75, 67, 68, 69, 70, 74, 52, 44, 63, 66, 61, 60, 59, 58, 57, 48, 55, 53, 54, 65, 51, 45, 34, 36, 49, 22, 50, 72, 43, 26, 56, 33, 41, 38, 28, 17, 16, 6, 39, 32, 30, 46, 25, 24, 9, 42, 47, 37, 23, 27, 35, 20, 15, 18, 2, 13, 40, 14, 21, 5, 11, 10, 4, 7, 8, 29, 12, 19, 3, 31, 1, 0]
----------------------------------------------------------------------------------
Temps d'exécution :0:10:57.666595
Les paramètres: 
La plaquette: [0, 2, 4, 6, 8, 10, 12, 14, 16, 18, 20, 22, 24, 26, 28, 30, 32, 34, 36, 38, 40, 42, 44, 46, 48, 50, 52, 54, 56, 58, 60, 62, 64, 66, 68, 70, 72, 74, 76, 78, 1, 3, 5, 7, 9, 11, 13, 15, 17, 19, 21, 23, 25, 27, 29, 31, 33, 35, 37, 39, 41, 43, 45, 47, 49, 51, 53, 55, 57, 59, 61, 63, 65, 67, 69, 71, 73, 75, 77, 79], Nombre de pas: 100
Résultat du lancement de l'algo: 
Fitness obtenue: 14275508 après 98 pas
Nombre de fitness calculé en tout: 139000
Placement pour chaque équipement obtenu: [0, 6, 4, 32, 8, 10, 14, 18, 16, 12, 34, 38, 26, 64, 22, 30, 48, 20, 70, 56, 35, 44, 42, 60, 2, 50, 3, 40, 11, 58, 46, 17, 7, 23, 24, 5, 74, 1, 76, 19, 68, 52, 57, 78, 28, 15, 13, 54, 62, 77, 21, 53, 66, 31, 27, 33, 29, 9, 37, 65, 36, 43, 45, 47, 51, 59, 39, 49, 25, 72, 61, 79, 55, 69, 67, 71, 73, 75, 41, 63]
----------------------------------------------------------------------------------
Temps d'exécution :0:27:42.319924
Les paramètres: 
La plaquette: [0, 1, 2, 3, 4, 5, 6, 7, 8, 9, 10, 11, 12, 13, 14, 15, 16, 17, 18, 19, 20, 21, 22, 23, 24, 25, 26, 27, 28, 29, 30, 31, 32, 33, 34, 35, 36, 37, 38, 39, 40, 41, 42, 43, 44, 45, 46, 47, 48, 49, 50, 51, 52, 53, 54, 55, 56, 57, 58, 59, 60, 61, 62, 63, 64, 65, 66, 67, 68, 69, 70, 71, 72, 73, 74, 75, 76, 77, 78, 79], Nombre de pas: 250
Résultat du lancement de l'algo: 
Fitness obtenue: 14210068 après 248 pas
Nombre de fitness calculé en tout: 347500
Placement pour chaque équipement obtenu: [0, 16, 2, 5, 11, 13, 32, 6, 4, 26, 10, 8, 12, 3, 27, 15, 19, 7, 18, 1, 17, 21, 20, 28, 24, 31, 35, 44, 36, 14, 30, 29, 22, 9, 34, 37, 70, 45, 57, 47, 39, 41, 42, 49, 53, 52, 55, 40, 72, 43, 50, 51, 23, 33, 65, 38, 58, 46, 56, 64, 60, 61, 62, 66, 25, 74, 63, 71, 48, 68, 59, 79, 69, 73, 54, 78, 76, 75, 77, 67]
----------------------------------------------------------------------------------
Temps d'exécution :0:27:52.080811
Les paramètres: 
La plaquette: [79, 78, 77, 76, 75, 74, 73, 72, 71, 70, 69, 68, 67, 66, 65, 64, 63, 62, 61, 60, 59, 58, 57, 56, 55, 54, 53, 52, 51, 50, 49, 48, 47, 46, 45, 44, 43, 42, 41, 40, 39, 38, 37, 36, 35, 34, 33, 32, 31, 30, 29, 28, 27, 26, 25, 24, 23, 22, 21, 20, 19, 18, 17, 16, 15, 14, 13, 12, 11, 10, 9, 8, 7, 6, 5, 4, 3, 2, 1, 0], Nombre de pas: 250
Résultat du lancement de l'algo: 
Fitness obtenue: 14201220 après 249 pas
Nombre de fitness calculé en tout: 347500
Placement pour chaque équipement obtenu: [79, 62, 77, 71, 76, 78, 73, 64, 75, 67, 68, 69, 70, 74, 52, 44, 63, 66, 61, 60, 59, 58, 57, 48, 55, 53, 54, 65, 51, 45, 34, 36, 49, 22, 50, 72, 43, 26, 56, 33, 41, 38, 28, 17, 16, 6, 39, 32, 30, 46, 25, 24, 9, 42, 47, 37, 23, 27, 35, 20, 15, 18, 2, 13, 40, 14, 21, 5, 11, 10, 4, 7, 8, 29, 12, 19, 3, 31, 1, 0]
----------------------------------------------------------------------------------
Temps d'exécution :0:27:30.513472
Les paramètres: 
La plaquette: [0, 2, 4, 6, 8, 10, 12, 14, 16, 18, 20, 22, 24, 26, 28, 30, 32, 34, 36, 38, 40, 42, 44, 46, 48, 50, 52, 54, 56, 58, 60, 62, 64, 66, 68, 70, 72, 74, 76, 78, 1, 3, 5, 7, 9, 11, 13, 15, 17, 19, 21, 23, 25, 27, 29, 31, 33, 35, 37, 39, 41, 43, 45, 47, 49, 51, 53, 55, 57, 59, 61, 63, 65, 67, 69, 71, 73, 75, 77, 79], Nombre de pas: 250
Résultat du lancement de l'algo: 
Fitness obtenue: 14275508 après 248 pas
Nombre de fitness calculé en tout: 347500
Placement pour chaque équipement obtenu: [0, 6, 4, 32, 8, 10, 14, 18, 16, 12, 34, 38, 26, 64, 22, 30, 48, 20, 70, 56, 35, 44, 42, 60, 2, 50, 3, 40, 11, 58, 46, 17, 7, 23, 24, 5, 74, 1, 76, 19, 68, 52, 57, 78, 28, 15, 13, 54, 62, 77, 21, 53, 66, 31, 27, 33, 29, 9, 37, 65, 36, 43, 45, 47, 51, 59, 39, 49, 25, 72, 61, 79, 55, 69, 67, 71, 73, 75, 41, 63]
----------------------------------------------------------------------------------
Temps d'exécution :0:55:25.904466
Les paramètres: 
La plaquette: [0, 1, 2, 3, 4, 5, 6, 7, 8, 9, 10, 11, 12, 13, 14, 15, 16, 17, 18, 19, 20, 21, 22, 23, 24, 25, 26, 27, 28, 29, 30, 31, 32, 33, 34, 35, 36, 37, 38, 39, 40, 41, 42, 43, 44, 45, 46, 47, 48, 49, 50, 51, 52, 53, 54, 55, 56, 57, 58, 59, 60, 61, 62, 63, 64, 65, 66, 67, 68, 69, 70, 71, 72, 73, 74, 75, 76, 77, 78, 79], Nombre de pas: 500
Résultat du lancement de l'algo: 
Fitness obtenue: 14210068 après 498 pas
Nombre de fitness calculé en tout: 695000
Placement pour chaque équipement obtenu: [0, 16, 2, 5, 11, 13, 32, 6, 4, 26, 10, 8, 12, 3, 27, 15, 19, 7, 18, 1, 17, 21, 20, 28, 24, 31, 35, 44, 36, 14, 30, 29, 22, 9, 34, 37, 70, 45, 57, 47, 39, 41, 42, 49, 53, 52, 55, 40, 72, 43, 50, 51, 23, 33, 65, 38, 58, 46, 56, 64, 60, 61, 62, 66, 25, 74, 63, 71, 48, 68, 59, 79, 69, 73, 54, 78, 76, 75, 77, 67]
----------------------------------------------------------------------------------
Temps d'exécution :0:49:47.958750
Les paramètres: 
La plaquette: [79, 78, 77, 76, 75, 74, 73, 72, 71, 70, 69, 68, 67, 66, 65, 64, 63, 62, 61, 60, 59, 58, 57, 56, 55, 54, 53, 52, 51, 50, 49, 48, 47, 46, 45, 44, 43, 42, 41, 40, 39, 38, 37, 36, 35, 34, 33, 32, 31, 30, 29, 28, 27, 26, 25, 24, 23, 22, 21, 20, 19, 18, 17, 16, 15, 14, 13, 12, 11, 10, 9, 8, 7, 6, 5, 4, 3, 2, 1, 0], Nombre de pas: 500
Résultat du lancement de l'algo: 
Fitness obtenue: 14201220 après 499 pas
Nombre de fitness calculé en tout: 695000
Placement pour chaque équipement obtenu: [79, 62, 77, 71, 76, 78, 73, 64, 75, 67, 68, 69, 70, 74, 52, 44, 63, 66, 61, 60, 59, 58, 57, 48, 55, 53, 54, 65, 51, 45, 34, 36, 49, 22, 50, 72, 43, 26, 56, 33, 41, 38, 28, 17, 16, 6, 39, 32, 30, 46, 25, 24, 9, 42, 47, 37, 23, 27, 35, 20, 15, 18, 2, 13, 40, 14, 21, 5, 11, 10, 4, 7, 8, 29, 12, 19, 3, 31, 1, 0]
----------------------------------------------------------------------------------
Temps d'exécution :0:40:09.133346
Les paramètres: 
La plaquette: [0, 2, 4, 6, 8, 10, 12, 14, 16, 18, 20, 22, 24, 26, 28, 30, 32, 34, 36, 38, 40, 42, 44, 46, 48, 50, 52, 54, 56, 58, 60, 62, 64, 66, 68, 70, 72, 74, 76, 78, 1, 3, 5, 7, 9, 11, 13, 15, 17, 19, 21, 23, 25, 27, 29, 31, 33, 35, 37, 39, 41, 43, 45, 47, 49, 51, 53, 55, 57, 59, 61, 63, 65, 67, 69, 71, 73, 75, 77, 79], Nombre de pas: 500
Résultat du lancement de l'algo: 
Fitness obtenue: 14275508 après 498 pas
Nombre de fitness calculé en tout: 695000
Placement pour chaque équipement obtenu: [0, 6, 4, 32, 8, 10, 14, 18, 16, 12, 34, 38, 26, 64, 22, 30, 48, 20, 70, 56, 35, 44, 42, 60, 2, 50, 3, 40, 11, 58, 46, 17, 7, 23, 24, 5, 74, 1, 76, 19, 68, 52, 57, 78, 28, 15, 13, 54, 62, 77, 21, 53, 66, 31, 27, 33, 29, 9, 37, 65, 36, 43, 45, 47, 51, 59, 39, 49, 25, 72, 61, 79, 55, 69, 67, 71, 73, 75, 41, 63]
----------------------------------------------------------------------------------
Temps d'exécution :9:09:17.808664
Les paramètres: 
Itération: 10, Nombre de pas: 500
Résultat du lancement de l'algo: 
Fitness obtenue: 14049836 après 499 pas
Nombre de fitness calculé en tout: 6948634
Placement pour chaque équipement obtenu: [24 17 31 46 70 21 34 35 29  5 51 75  9 39 33  4 56 37 27 73 72 71 19 20
 25 68 55 63  8 38 18  7 77 12 44 61 49 15 43  3 74 59  1 47 14 32 23 54
  0 52 62 50 48 76 53 64 58 66 67 36 26 69 28 78 16 40 41 57 30 10  2 22
 79 60 45 65  6 13 42 11]
----------------------------------------------------------------------------------
Temps d'exécution :8:53:12.368556
Les paramètres: 
Itération: 10, Nombre de pas: 500
Résultat du lancement de l'algo: 
Fitness obtenue: 14091386 après 499 pas
Nombre de fitness calculé en tout: 6939284
Placement pour chaque équipement obtenu: [ 0 38 20 28 46 57 63 10 43 77 51 44 26 55 70 35  6 62 14 13 72 32 15 53
  9 69 75 67 23  4 48 25  8 58  2 41 68 37 40 56 22 64 34 19 52 49 17 31
  1 60 76 79  5 73  3 36 50 16 12 54 18 59 30  7 78 71 61 29 65 33 66 21
 11 42 24 74 47 39 27 45]
----------------------------------------------------------------------------------
Temps d'exécution :16:02:48.459712
Les paramètres: 
Itération: 10, Nombre de pas: 500
Résultat du lancement de l'algo: 
Fitness obtenue: 14067834 après 499 pas
Nombre de fitness calculé en tout: 6942071
Placement pour chaque équipement obtenu: [31 30 50 19 20 21 58 67 18 57  3 23 70  2  5 56 60 25  6 24 22 68  9 64
 34 49 12 55 77 39 52 54 69 17 48 53 71 65 74 16 28 13 32 10  8 14 15 27
 26 66 78 38 51 73 62 37 44 42 45 29 63 41  7 47 61 75 33 72 40  0 43 59
 76  1 11  4 79 46 35 36]
----------------------------------------------------------------------------------
Temps d'exécution :12:59:49.973130
Les paramètres: 
Itération: 10, Nombre de pas: 500
Résultat du lancement de l'algo: 
Fitness obtenue: 14113194 après 498 pas
Nombre de fitness calculé en tout: 6934233
Placement pour chaque équipement obtenu: [21 57  6 74 52 43 49 48 19 60 72 24 28 69 17 12 79  7 45 76 78 10 37  3
 39 27 16 34 73 23 31 20  4 59 63 71 25 61 77 55 54 67 41 14 35  8 50  5
 51 64 56 40 47 42 38 44 11 18 70 66 65 30 33 68 46  9 15 58 32 53 62 36
 26 75  2  0  1 22 29 13]
----------------------------------------------------------------------------------
