Temps d'exécution :0:01:49.354548
Les paramètres: 
La plaquette: [0, 1, 2, 3, 4, 5, 6, 7, 8, 9, 10, 11, 12, 13, 14, 15, 16, 17, 18, 19, 20, 21, 22, 23, 24, 25, 26, 27, 28, 29, 30, 31, 32, 33, 34, 35, 36, 37, 38, 39, 40, 41, 42, 43, 44, 45, 46, 47, 48, 49], Nombre de pas: 100
Résultat du lancement de l'algo: 
Fitness obtenue: 5230284 après 99 pas
Nombre de fitness calculé en tout: 79000
Placement pour chaque équipement obtenu: [11, 5, 2, 3, 20, 35, 23, 4, 17, 13, 10, 0, 19, 22, 14, 15, 7, 1, 9, 44, 16, 8, 12, 6, 28, 25, 26, 45, 47, 21, 43, 33, 37, 32, 49, 18, 30, 31, 39, 24, 40, 29, 42, 36, 41, 27, 46, 38, 48, 34]
----------------------------------------------------------------------------------
Temps d'exécution :0:06:15.018739
Les paramètres: 
La plaquette: [0, 1, 2, 3, 4, 5, 6, 7, 8, 9, 10, 11, 12, 13, 14, 15, 16, 17, 18, 19, 20, 21, 22, 23, 24, 25, 26, 27, 28, 29, 30, 31, 32, 33, 34, 35, 36, 37, 38, 39, 40, 41, 42, 43, 44, 45, 46, 47, 48, 49], Nombre de pas: 100
Résultat du lancement de l'algo: 
Fitness obtenue: 5230284 après 99 pas
Nombre de fitness calculé en tout: 79000
Placement pour chaque équipement obtenu: [11, 5, 2, 3, 20, 35, 23, 4, 17, 13, 10, 0, 19, 22, 14, 15, 7, 1, 9, 44, 16, 8, 12, 6, 28, 25, 26, 45, 47, 21, 43, 33, 37, 32, 49, 18, 30, 31, 39, 24, 40, 29, 42, 36, 41, 27, 46, 38, 48, 34]
----------------------------------------------------------------------------------
Temps d'exécution :0:08:10.705296
Les paramètres: 
La plaquette: [49, 48, 47, 46, 45, 44, 43, 42, 41, 40, 39, 38, 37, 36, 35, 34, 33, 32, 31, 30, 29, 28, 27, 26, 25, 24, 23, 22, 21, 20, 19, 18, 17, 16, 15, 14, 13, 12, 11, 10, 9, 8, 7, 6, 5, 4, 3, 2, 1, 0], Nombre de pas: 100
Résultat du lancement de l'algo: 
Fitness obtenue: 5203808 après 99 pas
Nombre de fitness calculé en tout: 79000
Placement pour chaque équipement obtenu: [46, 34, 49, 48, 45, 38, 23, 26, 41, 42, 39, 19, 35, 36, 37, 40, 11, 32, 44, 18, 0, 28, 27, 9, 29, 33, 43, 25, 21, 20, 47, 12, 17, 16, 6, 1, 24, 22, 31, 10, 13, 8, 4, 2, 5, 7, 3, 15, 14, 30]
----------------------------------------------------------------------------------
Temps d'exécution :0:09:50.556124
Les paramètres: 
La plaquette: [0, 2, 4, 6, 8, 10, 12, 14, 16, 18, 20, 22, 24, 26, 28, 30, 32, 34, 36, 38, 40, 42, 44, 46, 48, 1, 3, 5, 7, 9, 11, 13, 15, 17, 19, 21, 23, 25, 27, 29, 31, 33, 35, 37, 39, 41, 43, 45, 47, 49], Nombre de pas: 100
Résultat du lancement de l'algo: 
Fitness obtenue: 5192804 après 98 pas
Nombre de fitness calculé en tout: 78386
Placement pour chaque équipement obtenu: [14, 46, 6, 15, 36, 2, 32, 26, 4, 24, 20, 3, 18, 16, 28, 48, 44, 34, 25, 30, 0, 38, 40, 10, 12, 9, 22, 23, 11, 1, 49, 13, 5, 43, 39, 21, 42, 27, 8, 29, 31, 7, 35, 37, 19, 45, 47, 41, 17, 33]
----------------------------------------------------------------------------------
Temps d'exécution :0:24:37.249023
Les paramètres: 
La plaquette: [0, 1, 2, 3, 4, 5, 6, 7, 8, 9, 10, 11, 12, 13, 14, 15, 16, 17, 18, 19, 20, 21, 22, 23, 24, 25, 26, 27, 28, 29, 30, 31, 32, 33, 34, 35, 36, 37, 38, 39, 40, 41, 42, 43, 44, 45, 46, 47, 48, 49], Nombre de pas: 250
Résultat du lancement de l'algo: 
Fitness obtenue: 5230284 après 249 pas
Nombre de fitness calculé en tout: 197500
Placement pour chaque équipement obtenu: [11, 5, 2, 3, 20, 35, 23, 4, 17, 13, 10, 0, 19, 22, 14, 15, 7, 1, 9, 44, 16, 8, 12, 6, 28, 25, 26, 45, 47, 21, 43, 33, 37, 32, 49, 18, 30, 31, 39, 24, 40, 29, 42, 36, 41, 27, 46, 38, 48, 34]
----------------------------------------------------------------------------------
Temps d'exécution :0:24:00.349924
Les paramètres: 
La plaquette: [49, 48, 47, 46, 45, 44, 43, 42, 41, 40, 39, 38, 37, 36, 35, 34, 33, 32, 31, 30, 29, 28, 27, 26, 25, 24, 23, 22, 21, 20, 19, 18, 17, 16, 15, 14, 13, 12, 11, 10, 9, 8, 7, 6, 5, 4, 3, 2, 1, 0], Nombre de pas: 250
Résultat du lancement de l'algo: 
Fitness obtenue: 5203808 après 249 pas
Nombre de fitness calculé en tout: 197500
Placement pour chaque équipement obtenu: [46, 34, 49, 48, 45, 38, 23, 26, 41, 42, 39, 19, 35, 36, 37, 40, 11, 32, 44, 18, 0, 28, 27, 9, 29, 33, 43, 25, 21, 20, 47, 12, 17, 16, 6, 1, 24, 22, 31, 10, 13, 8, 4, 2, 5, 7, 3, 15, 14, 30]
----------------------------------------------------------------------------------
Temps d'exécution :0:22:12.494841
Les paramètres: 
La plaquette: [0, 2, 4, 6, 8, 10, 12, 14, 16, 18, 20, 22, 24, 26, 28, 30, 32, 34, 36, 38, 40, 42, 44, 46, 48, 1, 3, 5, 7, 9, 11, 13, 15, 17, 19, 21, 23, 25, 27, 29, 31, 33, 35, 37, 39, 41, 43, 45, 47, 49], Nombre de pas: 250
Résultat du lancement de l'algo: 
Fitness obtenue: 5192804 après 248 pas
Nombre de fitness calculé en tout: 195386
Placement pour chaque équipement obtenu: [14, 46, 6, 15, 36, 2, 32, 26, 4, 24, 20, 3, 18, 16, 28, 48, 44, 34, 25, 30, 0, 38, 40, 10, 12, 9, 22, 23, 11, 1, 49, 13, 5, 43, 39, 21, 42, 27, 8, 29, 31, 7, 35, 37, 19, 45, 47, 41, 17, 33]
----------------------------------------------------------------------------------
Temps d'exécution :0:50:35.771147
Les paramètres: 
La plaquette: [0, 1, 2, 3, 4, 5, 6, 7, 8, 9, 10, 11, 12, 13, 14, 15, 16, 17, 18, 19, 20, 21, 22, 23, 24, 25, 26, 27, 28, 29, 30, 31, 32, 33, 34, 35, 36, 37, 38, 39, 40, 41, 42, 43, 44, 45, 46, 47, 48, 49], Nombre de pas: 500
Résultat du lancement de l'algo: 
Fitness obtenue: 5230284 après 499 pas
Nombre de fitness calculé en tout: 395000
Placement pour chaque équipement obtenu: [11, 5, 2, 3, 20, 35, 23, 4, 17, 13, 10, 0, 19, 22, 14, 15, 7, 1, 9, 44, 16, 8, 12, 6, 28, 25, 26, 45, 47, 21, 43, 33, 37, 32, 49, 18, 30, 31, 39, 24, 40, 29, 42, 36, 41, 27, 46, 38, 48, 34]
----------------------------------------------------------------------------------
Temps d'exécution :0:23:16.329524
Les paramètres: 
La plaquette: [49, 48, 47, 46, 45, 44, 43, 42, 41, 40, 39, 38, 37, 36, 35, 34, 33, 32, 31, 30, 29, 28, 27, 26, 25, 24, 23, 22, 21, 20, 19, 18, 17, 16, 15, 14, 13, 12, 11, 10, 9, 8, 7, 6, 5, 4, 3, 2, 1, 0], Nombre de pas: 500
Résultat du lancement de l'algo: 
Fitness obtenue: 5203808 après 499 pas
Nombre de fitness calculé en tout: 395000
Placement pour chaque équipement obtenu: [46, 34, 49, 48, 45, 38, 23, 26, 41, 42, 39, 19, 35, 36, 37, 40, 11, 32, 44, 18, 0, 28, 27, 9, 29, 33, 43, 25, 21, 20, 47, 12, 17, 16, 6, 1, 24, 22, 31, 10, 13, 8, 4, 2, 5, 7, 3, 15, 14, 30]
----------------------------------------------------------------------------------
Temps d'exécution :0:15:57.782302
Les paramètres: 
La plaquette: [0, 2, 4, 6, 8, 10, 12, 14, 16, 18, 20, 22, 24, 26, 28, 30, 32, 34, 36, 38, 40, 42, 44, 46, 48, 1, 3, 5, 7, 9, 11, 13, 15, 17, 19, 21, 23, 25, 27, 29, 31, 33, 35, 37, 39, 41, 43, 45, 47, 49], Nombre de pas: 500
Résultat du lancement de l'algo: 
Fitness obtenue: 5192804 après 498 pas
Nombre de fitness calculé en tout: 390386
Placement pour chaque équipement obtenu: [14, 46, 6, 15, 36, 2, 32, 26, 4, 24, 20, 3, 18, 16, 28, 48, 44, 34, 25, 30, 0, 38, 40, 10, 12, 9, 22, 23, 11, 1, 49, 13, 5, 43, 39, 21, 42, 27, 8, 29, 31, 7, 35, 37, 19, 45, 47, 41, 17, 33]
----------------------------------------------------------------------------------
Temps d'exécution :0:31:35.185741
Les paramètres: 
La plaquette: [0, 1, 2, 3, 4, 5, 6, 7, 8, 9, 10, 11, 12, 13, 14, 15, 16, 17, 18, 19, 20, 21, 22, 23, 24, 25, 26, 27, 28, 29, 30, 31, 32, 33, 34, 35, 36, 37, 38, 39, 40, 41, 42, 43, 44, 45, 46, 47, 48, 49], Nombre de pas: 1000
Résultat du lancement de l'algo: 
Fitness obtenue: 5230284 après 999 pas
Nombre de fitness calculé en tout: 790000
Placement pour chaque équipement obtenu: [11, 5, 2, 3, 20, 35, 23, 4, 17, 13, 10, 0, 19, 22, 14, 15, 7, 1, 9, 44, 16, 8, 12, 6, 28, 25, 26, 45, 47, 21, 43, 33, 37, 32, 49, 18, 30, 31, 39, 24, 40, 29, 42, 36, 41, 27, 46, 38, 48, 34]
----------------------------------------------------------------------------------
Temps d'exécution :0:31:11.375741
Les paramètres: 
La plaquette: [49, 48, 47, 46, 45, 44, 43, 42, 41, 40, 39, 38, 37, 36, 35, 34, 33, 32, 31, 30, 29, 28, 27, 26, 25, 24, 23, 22, 21, 20, 19, 18, 17, 16, 15, 14, 13, 12, 11, 10, 9, 8, 7, 6, 5, 4, 3, 2, 1, 0], Nombre de pas: 1000
Résultat du lancement de l'algo: 
Fitness obtenue: 5203808 après 999 pas
Nombre de fitness calculé en tout: 790000
Placement pour chaque équipement obtenu: [46, 34, 49, 48, 45, 38, 23, 26, 41, 42, 39, 19, 35, 36, 37, 40, 11, 32, 44, 18, 0, 28, 27, 9, 29, 33, 43, 25, 21, 20, 47, 12, 17, 16, 6, 1, 24, 22, 31, 10, 13, 8, 4, 2, 5, 7, 3, 15, 14, 30]
----------------------------------------------------------------------------------
Temps d'exécution :0:29:45.244483
Les paramètres: 
La plaquette: [0, 2, 4, 6, 8, 10, 12, 14, 16, 18, 20, 22, 24, 26, 28, 30, 32, 34, 36, 38, 40, 42, 44, 46, 48, 1, 3, 5, 7, 9, 11, 13, 15, 17, 19, 21, 23, 25, 27, 29, 31, 33, 35, 37, 39, 41, 43, 45, 47, 49], Nombre de pas: 1000
Résultat du lancement de l'algo: 
Fitness obtenue: 5192804 après 998 pas
Nombre de fitness calculé en tout: 780386
Placement pour chaque équipement obtenu: [14, 46, 6, 15, 36, 2, 32, 26, 4, 24, 20, 3, 18, 16, 28, 48, 44, 34, 25, 30, 0, 38, 40, 10, 12, 9, 22, 23, 11, 1, 49, 13, 5, 43, 39, 21, 42, 27, 8, 29, 31, 7, 35, 37, 19, 45, 47, 41, 17, 33]
----------------------------------------------------------------------------------
Temps d'exécution :0:02:52.765675
Les paramètres: 
La plaquette: [0, 1, 2, 3, 4, 5, 6, 7, 8, 9, 10, 11, 12, 13, 14, 15, 16, 17, 18, 19, 20, 21, 22, 23, 24, 25, 26, 27, 28, 29, 30, 31, 32, 33, 34, 35, 36, 37, 38, 39, 40, 41, 42, 43, 44, 45, 46, 47, 48, 49], Nombre de pas: 100
Résultat du lancement de l'algo: 
Fitness obtenue: 5230284 après 99 pas
Nombre de fitness calculé en tout: 79000
Placement pour chaque équipement obtenu: [11, 5, 2, 3, 20, 35, 23, 4, 17, 13, 10, 0, 19, 22, 14, 15, 7, 1, 9, 44, 16, 8, 12, 6, 28, 25, 26, 45, 47, 21, 43, 33, 37, 32, 49, 18, 30, 31, 39, 24, 40, 29, 42, 36, 41, 27, 46, 38, 48, 34]
----------------------------------------------------------------------------------
Temps d'exécution :0:02:54.969851
Les paramètres: 
La plaquette: [49, 48, 47, 46, 45, 44, 43, 42, 41, 40, 39, 38, 37, 36, 35, 34, 33, 32, 31, 30, 29, 28, 27, 26, 25, 24, 23, 22, 21, 20, 19, 18, 17, 16, 15, 14, 13, 12, 11, 10, 9, 8, 7, 6, 5, 4, 3, 2, 1, 0], Nombre de pas: 100
Résultat du lancement de l'algo: 
Fitness obtenue: 5203808 après 99 pas
Nombre de fitness calculé en tout: 79000
Placement pour chaque équipement obtenu: [46, 34, 49, 48, 45, 38, 23, 26, 41, 42, 39, 19, 35, 36, 37, 40, 11, 32, 44, 18, 0, 28, 27, 9, 29, 33, 43, 25, 21, 20, 47, 12, 17, 16, 6, 1, 24, 22, 31, 10, 13, 8, 4, 2, 5, 7, 3, 15, 14, 30]
----------------------------------------------------------------------------------
Temps d'exécution :0:03:09.020951
Les paramètres: 
La plaquette: [0, 2, 4, 6, 8, 10, 12, 14, 16, 18, 20, 22, 24, 26, 28, 30, 32, 34, 36, 38, 40, 42, 44, 46, 48, 1, 3, 5, 7, 9, 11, 13, 15, 17, 19, 21, 23, 25, 27, 29, 31, 33, 35, 37, 39, 41, 43, 45, 47, 49], Nombre de pas: 100
Résultat du lancement de l'algo: 
Fitness obtenue: 5192804 après 98 pas
Nombre de fitness calculé en tout: 78336
Placement pour chaque équipement obtenu: [14, 46, 6, 15, 36, 2, 32, 26, 4, 24, 20, 3, 18, 16, 28, 48, 44, 34, 25, 30, 0, 38, 40, 10, 12, 9, 22, 23, 11, 1, 49, 13, 5, 43, 39, 21, 42, 27, 8, 29, 31, 7, 35, 37, 19, 45, 47, 41, 17, 33]
----------------------------------------------------------------------------------
Temps d'exécution :0:07:56.270375
Les paramètres: 
La plaquette: [0, 1, 2, 3, 4, 5, 6, 7, 8, 9, 10, 11, 12, 13, 14, 15, 16, 17, 18, 19, 20, 21, 22, 23, 24, 25, 26, 27, 28, 29, 30, 31, 32, 33, 34, 35, 36, 37, 38, 39, 40, 41, 42, 43, 44, 45, 46, 47, 48, 49], Nombre de pas: 250
Résultat du lancement de l'algo: 
Fitness obtenue: 5230284 après 249 pas
Nombre de fitness calculé en tout: 197500
Placement pour chaque équipement obtenu: [11, 5, 2, 3, 20, 35, 23, 4, 17, 13, 10, 0, 19, 22, 14, 15, 7, 1, 9, 44, 16, 8, 12, 6, 28, 25, 26, 45, 47, 21, 43, 33, 37, 32, 49, 18, 30, 31, 39, 24, 40, 29, 42, 36, 41, 27, 46, 38, 48, 34]
----------------------------------------------------------------------------------
Temps d'exécution :0:08:11.682738
Les paramètres: 
La plaquette: [49, 48, 47, 46, 45, 44, 43, 42, 41, 40, 39, 38, 37, 36, 35, 34, 33, 32, 31, 30, 29, 28, 27, 26, 25, 24, 23, 22, 21, 20, 19, 18, 17, 16, 15, 14, 13, 12, 11, 10, 9, 8, 7, 6, 5, 4, 3, 2, 1, 0], Nombre de pas: 250
Résultat du lancement de l'algo: 
Fitness obtenue: 5203808 après 249 pas
Nombre de fitness calculé en tout: 197500
Placement pour chaque équipement obtenu: [46, 34, 49, 48, 45, 38, 23, 26, 41, 42, 39, 19, 35, 36, 37, 40, 11, 32, 44, 18, 0, 28, 27, 9, 29, 33, 43, 25, 21, 20, 47, 12, 17, 16, 6, 1, 24, 22, 31, 10, 13, 8, 4, 2, 5, 7, 3, 15, 14, 30]
----------------------------------------------------------------------------------
Temps d'exécution :0:08:11.468601
Les paramètres: 
La plaquette: [0, 2, 4, 6, 8, 10, 12, 14, 16, 18, 20, 22, 24, 26, 28, 30, 32, 34, 36, 38, 40, 42, 44, 46, 48, 1, 3, 5, 7, 9, 11, 13, 15, 17, 19, 21, 23, 25, 27, 29, 31, 33, 35, 37, 39, 41, 43, 45, 47, 49], Nombre de pas: 250
Résultat du lancement de l'algo: 
Fitness obtenue: 5192804 après 248 pas
Nombre de fitness calculé en tout: 195186
Placement pour chaque équipement obtenu: [14, 46, 6, 15, 36, 2, 32, 26, 4, 24, 20, 3, 18, 16, 28, 48, 44, 34, 25, 30, 0, 38, 40, 10, 12, 9, 22, 23, 11, 1, 49, 13, 5, 43, 39, 21, 42, 27, 8, 29, 31, 7, 35, 37, 19, 45, 47, 41, 17, 33]
----------------------------------------------------------------------------------
Temps d'exécution :0:43:59.430595
Les paramètres: 
La plaquette: [0, 1, 2, 3, 4, 5, 6, 7, 8, 9, 10, 11, 12, 13, 14, 15, 16, 17, 18, 19, 20, 21, 22, 23, 24, 25, 26, 27, 28, 29, 30, 31, 32, 33, 34, 35, 36, 37, 38, 39, 40, 41, 42, 43, 44, 45, 46, 47, 48, 49], Nombre de pas: 500
Résultat du lancement de l'algo: 
Fitness obtenue: 5230284 après 499 pas
Nombre de fitness calculé en tout: 395000
Placement pour chaque équipement obtenu: [11, 5, 2, 3, 20, 35, 23, 4, 17, 13, 10, 0, 19, 22, 14, 15, 7, 1, 9, 44, 16, 8, 12, 6, 28, 25, 26, 45, 47, 21, 43, 33, 37, 32, 49, 18, 30, 31, 39, 24, 40, 29, 42, 36, 41, 27, 46, 38, 48, 34]
----------------------------------------------------------------------------------
Temps d'exécution :1:09:59.929780
Les paramètres: 
La plaquette: [49, 48, 47, 46, 45, 44, 43, 42, 41, 40, 39, 38, 37, 36, 35, 34, 33, 32, 31, 30, 29, 28, 27, 26, 25, 24, 23, 22, 21, 20, 19, 18, 17, 16, 15, 14, 13, 12, 11, 10, 9, 8, 7, 6, 5, 4, 3, 2, 1, 0], Nombre de pas: 500
Résultat du lancement de l'algo: 
Fitness obtenue: 5203808 après 499 pas
Nombre de fitness calculé en tout: 395000
Placement pour chaque équipement obtenu: [46, 34, 49, 48, 45, 38, 23, 26, 41, 42, 39, 19, 35, 36, 37, 40, 11, 32, 44, 18, 0, 28, 27, 9, 29, 33, 43, 25, 21, 20, 47, 12, 17, 16, 6, 1, 24, 22, 31, 10, 13, 8, 4, 2, 5, 7, 3, 15, 14, 30]
----------------------------------------------------------------------------------
Temps d'exécution :1:05:01.428051
Les paramètres: 
La plaquette: [0, 2, 4, 6, 8, 10, 12, 14, 16, 18, 20, 22, 24, 26, 28, 30, 32, 34, 36, 38, 40, 42, 44, 46, 48, 1, 3, 5, 7, 9, 11, 13, 15, 17, 19, 21, 23, 25, 27, 29, 31, 33, 35, 37, 39, 41, 43, 45, 47, 49], Nombre de pas: 500
Résultat du lancement de l'algo: 
Fitness obtenue: 5192804 après 498 pas
Nombre de fitness calculé en tout: 389936
Placement pour chaque équipement obtenu: [14, 46, 6, 15, 36, 2, 32, 26, 4, 24, 20, 3, 18, 16, 28, 48, 44, 34, 25, 30, 0, 38, 40, 10, 12, 9, 22, 23, 11, 1, 49, 13, 5, 43, 39, 21, 42, 27, 8, 29, 31, 7, 35, 37, 19, 45, 47, 41, 17, 33]
----------------------------------------------------------------------------------
Temps d'exécution :0:51:27.880688
Les paramètres: 
La plaquette: [0, 1, 2, 3, 4, 5, 6, 7, 8, 9, 10, 11, 12, 13, 14, 15, 16, 17, 18, 19, 20, 21, 22, 23, 24, 25, 26, 27, 28, 29, 30, 31, 32, 33, 34, 35, 36, 37, 38, 39, 40, 41, 42, 43, 44, 45, 46, 47, 48, 49], Nombre de pas: 1000
Résultat du lancement de l'algo: 
Fitness obtenue: 5230284 après 999 pas
Nombre de fitness calculé en tout: 790000
Placement pour chaque équipement obtenu: [11, 5, 2, 3, 20, 35, 23, 4, 17, 13, 10, 0, 19, 22, 14, 15, 7, 1, 9, 44, 16, 8, 12, 6, 28, 25, 26, 45, 47, 21, 43, 33, 37, 32, 49, 18, 30, 31, 39, 24, 40, 29, 42, 36, 41, 27, 46, 38, 48, 34]
----------------------------------------------------------------------------------
Temps d'exécution :0:32:42.980844
Les paramètres: 
La plaquette: [49, 48, 47, 46, 45, 44, 43, 42, 41, 40, 39, 38, 37, 36, 35, 34, 33, 32, 31, 30, 29, 28, 27, 26, 25, 24, 23, 22, 21, 20, 19, 18, 17, 16, 15, 14, 13, 12, 11, 10, 9, 8, 7, 6, 5, 4, 3, 2, 1, 0], Nombre de pas: 1000
Résultat du lancement de l'algo: 
Fitness obtenue: 5203808 après 999 pas
Nombre de fitness calculé en tout: 790000
Placement pour chaque équipement obtenu: [46, 34, 49, 48, 45, 38, 23, 26, 41, 42, 39, 19, 35, 36, 37, 40, 11, 32, 44, 18, 0, 28, 27, 9, 29, 33, 43, 25, 21, 20, 47, 12, 17, 16, 6, 1, 24, 22, 31, 10, 13, 8, 4, 2, 5, 7, 3, 15, 14, 30]
----------------------------------------------------------------------------------
Temps d'exécution :0:33:11.040751
Les paramètres: 
La plaquette: [0, 2, 4, 6, 8, 10, 12, 14, 16, 18, 20, 22, 24, 26, 28, 30, 32, 34, 36, 38, 40, 42, 44, 46, 48, 1, 3, 5, 7, 9, 11, 13, 15, 17, 19, 21, 23, 25, 27, 29, 31, 33, 35, 37, 39, 41, 43, 45, 47, 49], Nombre de pas: 1000
Résultat du lancement de l'algo: 
Fitness obtenue: 5192804 après 998 pas
Nombre de fitness calculé en tout: 779436
Placement pour chaque équipement obtenu: [14, 46, 6, 15, 36, 2, 32, 26, 4, 24, 20, 3, 18, 16, 28, 48, 44, 34, 25, 30, 0, 38, 40, 10, 12, 9, 22, 23, 11, 1, 49, 13, 5, 43, 39, 21, 42, 27, 8, 29, 31, 7, 35, 37, 19, 45, 47, 41, 17, 33]
----------------------------------------------------------------------------------
Temps d'exécution :0:03:30.328802
Les paramètres: 
La plaquette: [0, 1, 2, 3, 4, 5, 6, 7, 8, 9, 10, 11, 12, 13, 14, 15, 16, 17, 18, 19, 20, 21, 22, 23, 24, 25, 26, 27, 28, 29, 30, 31, 32, 33, 34, 35, 36, 37, 38, 39, 40, 41, 42, 43, 44, 45, 46, 47, 48, 49], Nombre de pas: 100
Résultat du lancement de l'algo: 
Fitness obtenue: 5230284 après 99 pas
Nombre de fitness calculé en tout: 79000
Placement pour chaque équipement obtenu: [11, 5, 2, 3, 20, 35, 23, 4, 17, 13, 10, 0, 19, 22, 14, 15, 7, 1, 9, 44, 16, 8, 12, 6, 28, 25, 26, 45, 47, 21, 43, 33, 37, 32, 49, 18, 30, 31, 39, 24, 40, 29, 42, 36, 41, 27, 46, 38, 48, 34]
----------------------------------------------------------------------------------
Temps d'exécution :0:03:40.181567
Les paramètres: 
La plaquette: [49, 48, 47, 46, 45, 44, 43, 42, 41, 40, 39, 38, 37, 36, 35, 34, 33, 32, 31, 30, 29, 28, 27, 26, 25, 24, 23, 22, 21, 20, 19, 18, 17, 16, 15, 14, 13, 12, 11, 10, 9, 8, 7, 6, 5, 4, 3, 2, 1, 0], Nombre de pas: 100
Résultat du lancement de l'algo: 
Fitness obtenue: 5203808 après 99 pas
Nombre de fitness calculé en tout: 79000
Placement pour chaque équipement obtenu: [46, 34, 49, 48, 45, 38, 23, 26, 41, 42, 39, 19, 35, 36, 37, 40, 11, 32, 44, 18, 0, 28, 27, 9, 29, 33, 43, 25, 21, 20, 47, 12, 17, 16, 6, 1, 24, 22, 31, 10, 13, 8, 4, 2, 5, 7, 3, 15, 14, 30]
----------------------------------------------------------------------------------
Temps d'exécution :0:03:35.339614
Les paramètres: 
La plaquette: [0, 2, 4, 6, 8, 10, 12, 14, 16, 18, 20, 22, 24, 26, 28, 30, 32, 34, 36, 38, 40, 42, 44, 46, 48, 1, 3, 5, 7, 9, 11, 13, 15, 17, 19, 21, 23, 25, 27, 29, 31, 33, 35, 37, 39, 41, 43, 45, 47, 49], Nombre de pas: 100
Résultat du lancement de l'algo: 
Fitness obtenue: 5192804 après 98 pas
Nombre de fitness calculé en tout: 78336
Placement pour chaque équipement obtenu: [14, 46, 6, 15, 36, 2, 32, 26, 4, 24, 20, 3, 18, 16, 28, 48, 44, 34, 25, 30, 0, 38, 40, 10, 12, 9, 22, 23, 11, 1, 49, 13, 5, 43, 39, 21, 42, 27, 8, 29, 31, 7, 35, 37, 19, 45, 47, 41, 17, 33]
----------------------------------------------------------------------------------
Temps d'exécution :0:08:15.566005
Les paramètres: 
La plaquette: [0, 1, 2, 3, 4, 5, 6, 7, 8, 9, 10, 11, 12, 13, 14, 15, 16, 17, 18, 19, 20, 21, 22, 23, 24, 25, 26, 27, 28, 29, 30, 31, 32, 33, 34, 35, 36, 37, 38, 39, 40, 41, 42, 43, 44, 45, 46, 47, 48, 49], Nombre de pas: 250
Résultat du lancement de l'algo: 
Fitness obtenue: 5230284 après 249 pas
Nombre de fitness calculé en tout: 197500
Placement pour chaque équipement obtenu: [11, 5, 2, 3, 20, 35, 23, 4, 17, 13, 10, 0, 19, 22, 14, 15, 7, 1, 9, 44, 16, 8, 12, 6, 28, 25, 26, 45, 47, 21, 43, 33, 37, 32, 49, 18, 30, 31, 39, 24, 40, 29, 42, 36, 41, 27, 46, 38, 48, 34]
----------------------------------------------------------------------------------
Temps d'exécution :0:08:59.680341
Les paramètres: 
La plaquette: [49, 48, 47, 46, 45, 44, 43, 42, 41, 40, 39, 38, 37, 36, 35, 34, 33, 32, 31, 30, 29, 28, 27, 26, 25, 24, 23, 22, 21, 20, 19, 18, 17, 16, 15, 14, 13, 12, 11, 10, 9, 8, 7, 6, 5, 4, 3, 2, 1, 0], Nombre de pas: 250
Résultat du lancement de l'algo: 
Fitness obtenue: 5203808 après 249 pas
Nombre de fitness calculé en tout: 197500
Placement pour chaque équipement obtenu: [46, 34, 49, 48, 45, 38, 23, 26, 41, 42, 39, 19, 35, 36, 37, 40, 11, 32, 44, 18, 0, 28, 27, 9, 29, 33, 43, 25, 21, 20, 47, 12, 17, 16, 6, 1, 24, 22, 31, 10, 13, 8, 4, 2, 5, 7, 3, 15, 14, 30]
----------------------------------------------------------------------------------
Temps d'exécution :0:08:11.989599
Les paramètres: 
La plaquette: [0, 2, 4, 6, 8, 10, 12, 14, 16, 18, 20, 22, 24, 26, 28, 30, 32, 34, 36, 38, 40, 42, 44, 46, 48, 1, 3, 5, 7, 9, 11, 13, 15, 17, 19, 21, 23, 25, 27, 29, 31, 33, 35, 37, 39, 41, 43, 45, 47, 49], Nombre de pas: 250
Résultat du lancement de l'algo: 
Fitness obtenue: 5192804 après 248 pas
Nombre de fitness calculé en tout: 195186
Placement pour chaque équipement obtenu: [14, 46, 6, 15, 36, 2, 32, 26, 4, 24, 20, 3, 18, 16, 28, 48, 44, 34, 25, 30, 0, 38, 40, 10, 12, 9, 22, 23, 11, 1, 49, 13, 5, 43, 39, 21, 42, 27, 8, 29, 31, 7, 35, 37, 19, 45, 47, 41, 17, 33]
----------------------------------------------------------------------------------
Temps d'exécution :0:17:03.072541
Les paramètres: 
La plaquette: [0, 1, 2, 3, 4, 5, 6, 7, 8, 9, 10, 11, 12, 13, 14, 15, 16, 17, 18, 19, 20, 21, 22, 23, 24, 25, 26, 27, 28, 29, 30, 31, 32, 33, 34, 35, 36, 37, 38, 39, 40, 41, 42, 43, 44, 45, 46, 47, 48, 49], Nombre de pas: 500
Résultat du lancement de l'algo: 
Fitness obtenue: 5230284 après 499 pas
Nombre de fitness calculé en tout: 395000
Placement pour chaque équipement obtenu: [11, 5, 2, 3, 20, 35, 23, 4, 17, 13, 10, 0, 19, 22, 14, 15, 7, 1, 9, 44, 16, 8, 12, 6, 28, 25, 26, 45, 47, 21, 43, 33, 37, 32, 49, 18, 30, 31, 39, 24, 40, 29, 42, 36, 41, 27, 46, 38, 48, 34]
----------------------------------------------------------------------------------
Temps d'exécution :0:15:03.873438
Les paramètres: 
La plaquette: [49, 48, 47, 46, 45, 44, 43, 42, 41, 40, 39, 38, 37, 36, 35, 34, 33, 32, 31, 30, 29, 28, 27, 26, 25, 24, 23, 22, 21, 20, 19, 18, 17, 16, 15, 14, 13, 12, 11, 10, 9, 8, 7, 6, 5, 4, 3, 2, 1, 0], Nombre de pas: 500
Résultat du lancement de l'algo: 
Fitness obtenue: 5203808 après 499 pas
Nombre de fitness calculé en tout: 395000
Placement pour chaque équipement obtenu: [46, 34, 49, 48, 45, 38, 23, 26, 41, 42, 39, 19, 35, 36, 37, 40, 11, 32, 44, 18, 0, 28, 27, 9, 29, 33, 43, 25, 21, 20, 47, 12, 17, 16, 6, 1, 24, 22, 31, 10, 13, 8, 4, 2, 5, 7, 3, 15, 14, 30]
----------------------------------------------------------------------------------
Temps d'exécution :0:15:13.392571
Les paramètres: 
La plaquette: [0, 2, 4, 6, 8, 10, 12, 14, 16, 18, 20, 22, 24, 26, 28, 30, 32, 34, 36, 38, 40, 42, 44, 46, 48, 1, 3, 5, 7, 9, 11, 13, 15, 17, 19, 21, 23, 25, 27, 29, 31, 33, 35, 37, 39, 41, 43, 45, 47, 49], Nombre de pas: 500
Résultat du lancement de l'algo: 
Fitness obtenue: 5192804 après 498 pas
Nombre de fitness calculé en tout: 389936
Placement pour chaque équipement obtenu: [14, 46, 6, 15, 36, 2, 32, 26, 4, 24, 20, 3, 18, 16, 28, 48, 44, 34, 25, 30, 0, 38, 40, 10, 12, 9, 22, 23, 11, 1, 49, 13, 5, 43, 39, 21, 42, 27, 8, 29, 31, 7, 35, 37, 19, 45, 47, 41, 17, 33]
----------------------------------------------------------------------------------
Temps d'exécution :0:32:51.128930
Les paramètres: 
La plaquette: [0, 1, 2, 3, 4, 5, 6, 7, 8, 9, 10, 11, 12, 13, 14, 15, 16, 17, 18, 19, 20, 21, 22, 23, 24, 25, 26, 27, 28, 29, 30, 31, 32, 33, 34, 35, 36, 37, 38, 39, 40, 41, 42, 43, 44, 45, 46, 47, 48, 49], Nombre de pas: 1000
Résultat du lancement de l'algo: 
Fitness obtenue: 5230284 après 999 pas
Nombre de fitness calculé en tout: 790000
Placement pour chaque équipement obtenu: [11, 5, 2, 3, 20, 35, 23, 4, 17, 13, 10, 0, 19, 22, 14, 15, 7, 1, 9, 44, 16, 8, 12, 6, 28, 25, 26, 45, 47, 21, 43, 33, 37, 32, 49, 18, 30, 31, 39, 24, 40, 29, 42, 36, 41, 27, 46, 38, 48, 34]
----------------------------------------------------------------------------------
Temps d'exécution :0:32:33.286931
Les paramètres: 
La plaquette: [49, 48, 47, 46, 45, 44, 43, 42, 41, 40, 39, 38, 37, 36, 35, 34, 33, 32, 31, 30, 29, 28, 27, 26, 25, 24, 23, 22, 21, 20, 19, 18, 17, 16, 15, 14, 13, 12, 11, 10, 9, 8, 7, 6, 5, 4, 3, 2, 1, 0], Nombre de pas: 1000
Résultat du lancement de l'algo: 
Fitness obtenue: 5203808 après 999 pas
Nombre de fitness calculé en tout: 790000
Placement pour chaque équipement obtenu: [46, 34, 49, 48, 45, 38, 23, 26, 41, 42, 39, 19, 35, 36, 37, 40, 11, 32, 44, 18, 0, 28, 27, 9, 29, 33, 43, 25, 21, 20, 47, 12, 17, 16, 6, 1, 24, 22, 31, 10, 13, 8, 4, 2, 5, 7, 3, 15, 14, 30]
----------------------------------------------------------------------------------
Temps d'exécution :0:31:30.988020
Les paramètres: 
La plaquette: [0, 2, 4, 6, 8, 10, 12, 14, 16, 18, 20, 22, 24, 26, 28, 30, 32, 34, 36, 38, 40, 42, 44, 46, 48, 1, 3, 5, 7, 9, 11, 13, 15, 17, 19, 21, 23, 25, 27, 29, 31, 33, 35, 37, 39, 41, 43, 45, 47, 49], Nombre de pas: 1000
Résultat du lancement de l'algo: 
Fitness obtenue: 5192804 après 998 pas
Nombre de fitness calculé en tout: 779436
Placement pour chaque équipement obtenu: [14, 46, 6, 15, 36, 2, 32, 26, 4, 24, 20, 3, 18, 16, 28, 48, 44, 34, 25, 30, 0, 38, 40, 10, 12, 9, 22, 23, 11, 1, 49, 13, 5, 43, 39, 21, 42, 27, 8, 29, 31, 7, 35, 37, 19, 45, 47, 41, 17, 33]
----------------------------------------------------------------------------------
Temps d'exécution :0:38:07.471208
Les paramètres: 
Itération: 10, Nombre de pas: 100
Résultat du lancement de l'algo: 
Fitness obtenue: 5181378 après 98 pas
Nombre de fitness calculé en tout: 789727
Placement pour chaque équipement obtenu: [17 33 28  5 13 11  0 30 34  8 19 18 49 14 48  2  3  9 37 27 22 31 43  6
 46 29 15 41 26  7 45 23 24 21 16 38 47  4 36 12 40 44  1 32 42 35 39 10
 25 20]
----------------------------------------------------------------------------------
Temps d'exécution :0:37:39.661289
Les paramètres: 
Itération: 10, Nombre de pas: 100
Résultat du lancement de l'algo: 
Fitness obtenue: 5172952 après 99 pas
Nombre de fitness calculé en tout: 788712
Placement pour chaque équipement obtenu: [49  2 47 30 43 45 36 20 26 11 32 35 39  0  1 44 25 18 22 17  8  3 46  9
 13 21  4 29  7 31 40 37 23 12 15 34 48 10 33 24 16 38 27 41 42  5  6 14
 19 28]
----------------------------------------------------------------------------------
Temps d'exécution :0:36:42.024467
Les paramètres: 
Itération: 10, Nombre de pas: 100
Résultat du lancement de l'algo: 
Fitness obtenue: 5183044 après 99 pas
Nombre de fitness calculé en tout: 787915
Placement pour chaque équipement obtenu: [25  4 12 47  5 48 23 17 21  7 38 10 13 35 33 31 39 28 24 16 15 45  9  2
  8 27 26 49 20 11 14  1 37 43  3 41 44 19 29 42  6 46  0 32 18 30 34 22
 40 36]
----------------------------------------------------------------------------------
Temps d'exécution :0:37:46.726493
Les paramètres: 
Itération: 10, Nombre de pas: 100
Résultat du lancement de l'algo: 
Fitness obtenue: 5160204 après 98 pas
Nombre de fitness calculé en tout: 785329
Placement pour chaque équipement obtenu: [40 43  9 31 47 45  4  8 17 24 48 11 46 23 35 33 21 18  5 16 38 44 27 12
  0 22 26 13 42 49 29 10 19 14  3 34 32 37  2  6 25  7 39 15 36  1 41 28
 20 30]
----------------------------------------------------------------------------------
Temps d'exécution :0:38:08.107831
Les paramètres: 
Itération: 10, Nombre de pas: 100
Résultat du lancement de l'algo: 
Fitness obtenue: 5162690 après 98 pas
Nombre de fitness calculé en tout: 785132
Placement pour chaque équipement obtenu: [44 39 28 32 22 34 18 46 43 11 37 20  8  9 10 35 42 23 19 26 14 12 40 24
 47 48  1 13 41  7 49 21 30 25  6  3 15  2 33 36 31 38 27 17  4  5 45 29
 16  0]
----------------------------------------------------------------------------------
Temps d'exécution :0:37:46.701878
Les paramètres: 
Itération: 10, Nombre de pas: 100
Résultat du lancement de l'algo: 
Fitness obtenue: 5135074 après 99 pas
Nombre de fitness calculé en tout: 787205
Placement pour chaque équipement obtenu: [40  7 38 14 29 21 10 49  0 12 28 20 45  4  1 37 24 43 27 33 34 16 15 36
  6 47  2 39 25  8 17 48  9 31 44 18 23 42 22 30 26 41 35 32 11 46 19 13
  5  3]
----------------------------------------------------------------------------------
Temps d'exécution :0:43:04.232207
Les paramètres: 
Itération: 50, Nombre de pas: 25
Résultat du lancement de l'algo: 
Fitness obtenue: 5204512 après 24 pas
Nombre de fitness calculé en tout: 987488
Placement pour chaque équipement obtenu: [33 31 42  4  0  6 44 29 22 37  8 48 18  7 41 11 40 16 19 46 17 25  1 39
  9 43 27 14 21 36 34 28 26 49 10 30  5 13 35 38 47  2 45  3 15 24 32 20
 23 12]
----------------------------------------------------------------------------------
Temps d'exécution :0:43:11.256810
Les paramètres: 
Itération: 50, Nombre de pas: 25
Résultat du lancement de l'algo: 
Fitness obtenue: 5188988 après 24 pas
Nombre de fitness calculé en tout: 987492
Placement pour chaque équipement obtenu: [ 7 26 18  5 20 36 44 35 13 27 11  2 12 32 23 17 40 47 38  6 33  9 34 15
 31 41 49 43 29 30  0 21 45 39 14  1 19 25 28 48 16  8 46  4 42  3 22 24
 10 37]
----------------------------------------------------------------------------------
Temps d'exécution :0:42:36.338226
Les paramètres: 
Itération: 50, Nombre de pas: 25
Résultat du lancement de l'algo: 
Fitness obtenue: 5182288 après 23 pas
Nombre de fitness calculé en tout: 987494
Placement pour chaque équipement obtenu: [ 5 33  0 13  4 15 12 20 25  8 48 47 45 26 32 17 10 34  9  6 11 36  1 44
 24 14 40 31 46 19  7 37 42 41 27 38 21 35 28 16 22  3 43 18 39  2 29 30
 23 49]
----------------------------------------------------------------------------------
Temps d'exécution :0:41:52.483546
Les paramètres: 
Itération: 50, Nombre de pas: 25
Résultat du lancement de l'algo: 
Fitness obtenue: 5199698 après 24 pas
Nombre de fitness calculé en tout: 987486
Placement pour chaque équipement obtenu: [27  5  7 25 32 30  8 39  2 31 34 14 35 33 46  6 48 28  9 18 12 16 26 45
 37 42 20 43 41 21 11 22 24 47 19 44 13  0 38  4  3 23 36 40 17 49 29  1
 10 15]
----------------------------------------------------------------------------------
Temps d'exécution :0:41:28.618391
Les paramètres: 
Itération: 50, Nombre de pas: 25
Résultat du lancement de l'algo: 
Fitness obtenue: 5195406 après 24 pas
Nombre de fitness calculé en tout: 987491
Placement pour chaque équipement obtenu: [ 4 11 32 12 21  1  2 29 28 43 16 47 39 35 40 25 49 19 10 26  8 44 42 48
 34 38  3  6 41 18 45 20 37 14 27  5 33 24 31 22  0 23 36 13 15 30 46 17
  7  9]
----------------------------------------------------------------------------------
Temps d'exécution :0:43:17.960875
Les paramètres: 
Itération: 50, Nombre de pas: 25
Résultat du lancement de l'algo: 
Fitness obtenue: 5189630 après 24 pas
Nombre de fitness calculé en tout: 987483
Placement pour chaque équipement obtenu: [40 49 29 16  8  5 38 35 23  0 45 20  3 48 42  2 44 21 47 14  9 12 34 27
 25  6 36 33 19 43 46 18 17 39 22 32 26 24 15  1 13  7  4 37 30 11 10 31
 28 41]
----------------------------------------------------------------------------------
