Temps d'exécution :0:04:34.763617
Les paramètres: 
La plaquette: [0, 1, 2, 3, 4, 5, 6, 7, 8, 9, 10, 11, 12, 13, 14, 15, 16, 17, 18, 19, 20, 21, 22, 23, 24, 25, 26, 27, 28, 29, 30, 31, 32, 33, 34, 35, 36, 37, 38, 39, 40, 41, 42, 43, 44, 45, 46, 47, 48, 49, 50, 51, 52, 53, 54, 55, 56, 57, 58, 59], Nombre de pas: 100
Résultat du lancement de l'algo: 
Fitness obtenue: 7522230 après 98 pas
Nombre de fitness calculé en tout: 99000
Placement pour chaque équipement obtenu: [47, 15, 2, 3, 23, 5, 0, 48, 16, 22, 10, 27, 28, 13, 17, 1, 14, 36, 6, 7, 40, 21, 19, 8, 24, 25, 33, 34, 9, 32, 30, 50, 29, 20, 35, 42, 26, 4, 37, 39, 12, 11, 44, 38, 31, 46, 45, 41, 54, 49, 55, 51, 52, 53, 18, 58, 56, 57, 43, 59]
----------------------------------------------------------------------------------
Temps d'exécution :0:04:52.645392
Les paramètres: 
La plaquette: [59, 58, 57, 56, 55, 54, 53, 52, 51, 50, 49, 48, 47, 46, 45, 44, 43, 42, 41, 40, 39, 38, 37, 36, 35, 34, 33, 32, 31, 30, 29, 28, 27, 26, 25, 24, 23, 22, 21, 20, 19, 18, 17, 16, 15, 14, 13, 12, 11, 10, 9, 8, 7, 6, 5, 4, 3, 2, 1, 0], Nombre de pas: 100
Résultat du lancement de l'algo: 
Fitness obtenue: 7625618 après 98 pas
Nombre de fitness calculé en tout: 99000
Placement pour chaque équipement obtenu: [59, 58, 46, 52, 35, 51, 56, 48, 45, 18, 47, 50, 34, 27, 44, 40, 29, 16, 26, 43, 39, 54, 28, 36, 6, 57, 22, 25, 31, 42, 17, 37, 49, 41, 53, 24, 21, 33, 32, 7, 19, 15, 30, 23, 55, 14, 38, 12, 11, 4, 1, 8, 20, 3, 5, 13, 10, 2, 9, 0]
----------------------------------------------------------------------------------
Temps d'exécution :0:05:02.507232
Les paramètres: 
La plaquette: [0, 2, 4, 6, 8, 10, 12, 14, 16, 18, 20, 22, 24, 26, 28, 30, 32, 34, 36, 38, 40, 42, 44, 46, 48, 50, 52, 54, 56, 58, 1, 3, 5, 7, 9, 11, 13, 15, 17, 19, 21, 23, 25, 27, 29, 31, 33, 35, 37, 39, 41, 43, 45, 47, 49, 51, 53, 55, 57, 59], Nombre de pas: 100
Résultat du lancement de l'algo: 
Fitness obtenue: 7608858 après 98 pas
Nombre de fitness calculé en tout: 99000
Placement pour chaque équipement obtenu: [24, 2, 4, 18, 8, 16, 12, 42, 6, 40, 46, 22, 36, 26, 1, 9, 34, 43, 30, 0, 10, 14, 44, 20, 32, 50, 52, 25, 56, 11, 3, 27, 35, 7, 21, 23, 47, 13, 41, 19, 38, 48, 54, 17, 5, 55, 33, 29, 45, 59, 28, 58, 49, 15, 57, 51, 53, 31, 37, 39]
----------------------------------------------------------------------------------
Temps d'exécution :0:12:17.882235
Les paramètres: 
La plaquette: [0, 1, 2, 3, 4, 5, 6, 7, 8, 9, 10, 11, 12, 13, 14, 15, 16, 17, 18, 19, 20, 21, 22, 23, 24, 25, 26, 27, 28, 29, 30, 31, 32, 33, 34, 35, 36, 37, 38, 39, 40, 41, 42, 43, 44, 45, 46, 47, 48, 49, 50, 51, 52, 53, 54, 55, 56, 57, 58, 59], Nombre de pas: 250
Résultat du lancement de l'algo: 
Fitness obtenue: 7522230 après 248 pas
Nombre de fitness calculé en tout: 247500
Placement pour chaque équipement obtenu: [47, 15, 2, 3, 23, 5, 0, 48, 16, 22, 10, 27, 28, 13, 17, 1, 14, 36, 6, 7, 40, 21, 19, 8, 24, 25, 33, 34, 9, 32, 30, 50, 29, 20, 35, 42, 26, 4, 37, 39, 12, 11, 44, 38, 31, 46, 45, 41, 54, 49, 55, 51, 52, 53, 18, 58, 56, 57, 43, 59]
----------------------------------------------------------------------------------
Temps d'exécution :0:11:29.232415
Les paramètres: 
La plaquette: [59, 58, 57, 56, 55, 54, 53, 52, 51, 50, 49, 48, 47, 46, 45, 44, 43, 42, 41, 40, 39, 38, 37, 36, 35, 34, 33, 32, 31, 30, 29, 28, 27, 26, 25, 24, 23, 22, 21, 20, 19, 18, 17, 16, 15, 14, 13, 12, 11, 10, 9, 8, 7, 6, 5, 4, 3, 2, 1, 0], Nombre de pas: 250
Résultat du lancement de l'algo: 
Fitness obtenue: 7625618 après 248 pas
Nombre de fitness calculé en tout: 247500
Placement pour chaque équipement obtenu: [59, 58, 46, 52, 35, 51, 56, 48, 45, 18, 47, 50, 34, 27, 44, 40, 29, 16, 26, 43, 39, 54, 28, 36, 6, 57, 22, 25, 31, 42, 17, 37, 49, 41, 53, 24, 21, 33, 32, 7, 19, 15, 30, 23, 55, 14, 38, 12, 11, 4, 1, 8, 20, 3, 5, 13, 10, 2, 9, 0]
----------------------------------------------------------------------------------
Temps d'exécution :0:11:13.146302
Les paramètres: 
La plaquette: [0, 2, 4, 6, 8, 10, 12, 14, 16, 18, 20, 22, 24, 26, 28, 30, 32, 34, 36, 38, 40, 42, 44, 46, 48, 50, 52, 54, 56, 58, 1, 3, 5, 7, 9, 11, 13, 15, 17, 19, 21, 23, 25, 27, 29, 31, 33, 35, 37, 39, 41, 43, 45, 47, 49, 51, 53, 55, 57, 59], Nombre de pas: 250
Résultat du lancement de l'algo: 
Fitness obtenue: 7608858 après 248 pas
Nombre de fitness calculé en tout: 247500
Placement pour chaque équipement obtenu: [24, 2, 4, 18, 8, 16, 12, 42, 6, 40, 46, 22, 36, 26, 1, 9, 34, 43, 30, 0, 10, 14, 44, 20, 32, 50, 52, 25, 56, 11, 3, 27, 35, 7, 21, 23, 47, 13, 41, 19, 38, 48, 54, 17, 5, 55, 33, 29, 45, 59, 28, 58, 49, 15, 57, 51, 53, 31, 37, 39]
----------------------------------------------------------------------------------
Temps d'exécution :0:21:23.903019
Les paramètres: 
La plaquette: [0, 1, 2, 3, 4, 5, 6, 7, 8, 9, 10, 11, 12, 13, 14, 15, 16, 17, 18, 19, 20, 21, 22, 23, 24, 25, 26, 27, 28, 29, 30, 31, 32, 33, 34, 35, 36, 37, 38, 39, 40, 41, 42, 43, 44, 45, 46, 47, 48, 49, 50, 51, 52, 53, 54, 55, 56, 57, 58, 59], Nombre de pas: 500
Résultat du lancement de l'algo: 
Fitness obtenue: 7522230 après 498 pas
Nombre de fitness calculé en tout: 495000
Placement pour chaque équipement obtenu: [47, 15, 2, 3, 23, 5, 0, 48, 16, 22, 10, 27, 28, 13, 17, 1, 14, 36, 6, 7, 40, 21, 19, 8, 24, 25, 33, 34, 9, 32, 30, 50, 29, 20, 35, 42, 26, 4, 37, 39, 12, 11, 44, 38, 31, 46, 45, 41, 54, 49, 55, 51, 52, 53, 18, 58, 56, 57, 43, 59]
----------------------------------------------------------------------------------
Temps d'exécution :0:18:11.235700
Les paramètres: 
La plaquette: [59, 58, 57, 56, 55, 54, 53, 52, 51, 50, 49, 48, 47, 46, 45, 44, 43, 42, 41, 40, 39, 38, 37, 36, 35, 34, 33, 32, 31, 30, 29, 28, 27, 26, 25, 24, 23, 22, 21, 20, 19, 18, 17, 16, 15, 14, 13, 12, 11, 10, 9, 8, 7, 6, 5, 4, 3, 2, 1, 0], Nombre de pas: 500
Résultat du lancement de l'algo: 
Fitness obtenue: 7625618 après 498 pas
Nombre de fitness calculé en tout: 495000
Placement pour chaque équipement obtenu: [59, 58, 46, 52, 35, 51, 56, 48, 45, 18, 47, 50, 34, 27, 44, 40, 29, 16, 26, 43, 39, 54, 28, 36, 6, 57, 22, 25, 31, 42, 17, 37, 49, 41, 53, 24, 21, 33, 32, 7, 19, 15, 30, 23, 55, 14, 38, 12, 11, 4, 1, 8, 20, 3, 5, 13, 10, 2, 9, 0]
----------------------------------------------------------------------------------
Temps d'exécution :0:19:17.309939
Les paramètres: 
La plaquette: [0, 2, 4, 6, 8, 10, 12, 14, 16, 18, 20, 22, 24, 26, 28, 30, 32, 34, 36, 38, 40, 42, 44, 46, 48, 50, 52, 54, 56, 58, 1, 3, 5, 7, 9, 11, 13, 15, 17, 19, 21, 23, 25, 27, 29, 31, 33, 35, 37, 39, 41, 43, 45, 47, 49, 51, 53, 55, 57, 59], Nombre de pas: 500
Résultat du lancement de l'algo: 
Fitness obtenue: 7608858 après 498 pas
Nombre de fitness calculé en tout: 495000
Placement pour chaque équipement obtenu: [24, 2, 4, 18, 8, 16, 12, 42, 6, 40, 46, 22, 36, 26, 1, 9, 34, 43, 30, 0, 10, 14, 44, 20, 32, 50, 52, 25, 56, 11, 3, 27, 35, 7, 21, 23, 47, 13, 41, 19, 38, 48, 54, 17, 5, 55, 33, 29, 45, 59, 28, 58, 49, 15, 57, 51, 53, 31, 37, 39]
----------------------------------------------------------------------------------
Temps d'exécution :0:37:33.195199
Les paramètres: 
La plaquette: [0, 1, 2, 3, 4, 5, 6, 7, 8, 9, 10, 11, 12, 13, 14, 15, 16, 17, 18, 19, 20, 21, 22, 23, 24, 25, 26, 27, 28, 29, 30, 31, 32, 33, 34, 35, 36, 37, 38, 39, 40, 41, 42, 43, 44, 45, 46, 47, 48, 49, 50, 51, 52, 53, 54, 55, 56, 57, 58, 59], Nombre de pas: 1000
Résultat du lancement de l'algo: 
Fitness obtenue: 7522230 après 998 pas
Nombre de fitness calculé en tout: 990000
Placement pour chaque équipement obtenu: [47, 15, 2, 3, 23, 5, 0, 48, 16, 22, 10, 27, 28, 13, 17, 1, 14, 36, 6, 7, 40, 21, 19, 8, 24, 25, 33, 34, 9, 32, 30, 50, 29, 20, 35, 42, 26, 4, 37, 39, 12, 11, 44, 38, 31, 46, 45, 41, 54, 49, 55, 51, 52, 53, 18, 58, 56, 57, 43, 59]
----------------------------------------------------------------------------------
Temps d'exécution :0:38:34.603918
Les paramètres: 
La plaquette: [59, 58, 57, 56, 55, 54, 53, 52, 51, 50, 49, 48, 47, 46, 45, 44, 43, 42, 41, 40, 39, 38, 37, 36, 35, 34, 33, 32, 31, 30, 29, 28, 27, 26, 25, 24, 23, 22, 21, 20, 19, 18, 17, 16, 15, 14, 13, 12, 11, 10, 9, 8, 7, 6, 5, 4, 3, 2, 1, 0], Nombre de pas: 1000
Résultat du lancement de l'algo: 
Fitness obtenue: 7625618 après 998 pas
Nombre de fitness calculé en tout: 990000
Placement pour chaque équipement obtenu: [59, 58, 46, 52, 35, 51, 56, 48, 45, 18, 47, 50, 34, 27, 44, 40, 29, 16, 26, 43, 39, 54, 28, 36, 6, 57, 22, 25, 31, 42, 17, 37, 49, 41, 53, 24, 21, 33, 32, 7, 19, 15, 30, 23, 55, 14, 38, 12, 11, 4, 1, 8, 20, 3, 5, 13, 10, 2, 9, 0]
----------------------------------------------------------------------------------
Temps d'exécution :0:38:43.642739
Les paramètres: 
La plaquette: [0, 2, 4, 6, 8, 10, 12, 14, 16, 18, 20, 22, 24, 26, 28, 30, 32, 34, 36, 38, 40, 42, 44, 46, 48, 50, 52, 54, 56, 58, 1, 3, 5, 7, 9, 11, 13, 15, 17, 19, 21, 23, 25, 27, 29, 31, 33, 35, 37, 39, 41, 43, 45, 47, 49, 51, 53, 55, 57, 59], Nombre de pas: 1000
Résultat du lancement de l'algo: 
Fitness obtenue: 7608858 après 998 pas
Nombre de fitness calculé en tout: 990000
Placement pour chaque équipement obtenu: [24, 2, 4, 18, 8, 16, 12, 42, 6, 40, 46, 22, 36, 26, 1, 9, 34, 43, 30, 0, 10, 14, 44, 20, 32, 50, 52, 25, 56, 11, 3, 27, 35, 7, 21, 23, 47, 13, 41, 19, 38, 48, 54, 17, 5, 55, 33, 29, 45, 59, 28, 58, 49, 15, 57, 51, 53, 31, 37, 39]
----------------------------------------------------------------------------------
Temps d'exécution :0:03:53.658872
Les paramètres: 
La plaquette: [0, 1, 2, 3, 4, 5, 6, 7, 8, 9, 10, 11, 12, 13, 14, 15, 16, 17, 18, 19, 20, 21, 22, 23, 24, 25, 26, 27, 28, 29, 30, 31, 32, 33, 34, 35, 36, 37, 38, 39, 40, 41, 42, 43, 44, 45, 46, 47, 48, 49, 50, 51, 52, 53, 54, 55, 56, 57, 58, 59], Nombre de pas: 100
Résultat du lancement de l'algo: 
Fitness obtenue: 7522230 après 98 pas
Nombre de fitness calculé en tout: 99000
Placement pour chaque équipement obtenu: [47, 15, 2, 3, 23, 5, 0, 48, 16, 22, 10, 27, 28, 13, 17, 1, 14, 36, 6, 7, 40, 21, 19, 8, 24, 25, 33, 34, 9, 32, 30, 50, 29, 20, 35, 42, 26, 4, 37, 39, 12, 11, 44, 38, 31, 46, 45, 41, 54, 49, 55, 51, 52, 53, 18, 58, 56, 57, 43, 59]
----------------------------------------------------------------------------------
Temps d'exécution :0:03:50.577156
Les paramètres: 
La plaquette: [59, 58, 57, 56, 55, 54, 53, 52, 51, 50, 49, 48, 47, 46, 45, 44, 43, 42, 41, 40, 39, 38, 37, 36, 35, 34, 33, 32, 31, 30, 29, 28, 27, 26, 25, 24, 23, 22, 21, 20, 19, 18, 17, 16, 15, 14, 13, 12, 11, 10, 9, 8, 7, 6, 5, 4, 3, 2, 1, 0], Nombre de pas: 100
Résultat du lancement de l'algo: 
Fitness obtenue: 7625618 après 98 pas
Nombre de fitness calculé en tout: 99000
Placement pour chaque équipement obtenu: [59, 58, 46, 52, 35, 51, 56, 48, 45, 18, 47, 50, 34, 27, 44, 40, 29, 16, 26, 43, 39, 54, 28, 36, 6, 57, 22, 25, 31, 42, 17, 37, 49, 41, 53, 24, 21, 33, 32, 7, 19, 15, 30, 23, 55, 14, 38, 12, 11, 4, 1, 8, 20, 3, 5, 13, 10, 2, 9, 0]
----------------------------------------------------------------------------------
Temps d'exécution :0:03:53.304857
Les paramètres: 
La plaquette: [0, 2, 4, 6, 8, 10, 12, 14, 16, 18, 20, 22, 24, 26, 28, 30, 32, 34, 36, 38, 40, 42, 44, 46, 48, 50, 52, 54, 56, 58, 1, 3, 5, 7, 9, 11, 13, 15, 17, 19, 21, 23, 25, 27, 29, 31, 33, 35, 37, 39, 41, 43, 45, 47, 49, 51, 53, 55, 57, 59], Nombre de pas: 100
Résultat du lancement de l'algo: 
Fitness obtenue: 7608858 après 98 pas
Nombre de fitness calculé en tout: 99000
Placement pour chaque équipement obtenu: [24, 2, 4, 18, 8, 16, 12, 42, 6, 40, 46, 22, 36, 26, 1, 9, 34, 43, 30, 0, 10, 14, 44, 20, 32, 50, 52, 25, 56, 11, 3, 27, 35, 7, 21, 23, 47, 13, 41, 19, 38, 48, 54, 17, 5, 55, 33, 29, 45, 59, 28, 58, 49, 15, 57, 51, 53, 31, 37, 39]
----------------------------------------------------------------------------------
Temps d'exécution :0:10:08.427319
Les paramètres: 
La plaquette: [0, 1, 2, 3, 4, 5, 6, 7, 8, 9, 10, 11, 12, 13, 14, 15, 16, 17, 18, 19, 20, 21, 22, 23, 24, 25, 26, 27, 28, 29, 30, 31, 32, 33, 34, 35, 36, 37, 38, 39, 40, 41, 42, 43, 44, 45, 46, 47, 48, 49, 50, 51, 52, 53, 54, 55, 56, 57, 58, 59], Nombre de pas: 250
Résultat du lancement de l'algo: 
Fitness obtenue: 7522230 après 248 pas
Nombre de fitness calculé en tout: 247500
Placement pour chaque équipement obtenu: [47, 15, 2, 3, 23, 5, 0, 48, 16, 22, 10, 27, 28, 13, 17, 1, 14, 36, 6, 7, 40, 21, 19, 8, 24, 25, 33, 34, 9, 32, 30, 50, 29, 20, 35, 42, 26, 4, 37, 39, 12, 11, 44, 38, 31, 46, 45, 41, 54, 49, 55, 51, 52, 53, 18, 58, 56, 57, 43, 59]
----------------------------------------------------------------------------------
Temps d'exécution :0:09:48.142588
Les paramètres: 
La plaquette: [59, 58, 57, 56, 55, 54, 53, 52, 51, 50, 49, 48, 47, 46, 45, 44, 43, 42, 41, 40, 39, 38, 37, 36, 35, 34, 33, 32, 31, 30, 29, 28, 27, 26, 25, 24, 23, 22, 21, 20, 19, 18, 17, 16, 15, 14, 13, 12, 11, 10, 9, 8, 7, 6, 5, 4, 3, 2, 1, 0], Nombre de pas: 250
Résultat du lancement de l'algo: 
Fitness obtenue: 7625618 après 248 pas
Nombre de fitness calculé en tout: 247500
Placement pour chaque équipement obtenu: [59, 58, 46, 52, 35, 51, 56, 48, 45, 18, 47, 50, 34, 27, 44, 40, 29, 16, 26, 43, 39, 54, 28, 36, 6, 57, 22, 25, 31, 42, 17, 37, 49, 41, 53, 24, 21, 33, 32, 7, 19, 15, 30, 23, 55, 14, 38, 12, 11, 4, 1, 8, 20, 3, 5, 13, 10, 2, 9, 0]
----------------------------------------------------------------------------------
Temps d'exécution :0:09:35.114439
Les paramètres: 
La plaquette: [0, 2, 4, 6, 8, 10, 12, 14, 16, 18, 20, 22, 24, 26, 28, 30, 32, 34, 36, 38, 40, 42, 44, 46, 48, 50, 52, 54, 56, 58, 1, 3, 5, 7, 9, 11, 13, 15, 17, 19, 21, 23, 25, 27, 29, 31, 33, 35, 37, 39, 41, 43, 45, 47, 49, 51, 53, 55, 57, 59], Nombre de pas: 250
Résultat du lancement de l'algo: 
Fitness obtenue: 7608858 après 248 pas
Nombre de fitness calculé en tout: 247500
Placement pour chaque équipement obtenu: [24, 2, 4, 18, 8, 16, 12, 42, 6, 40, 46, 22, 36, 26, 1, 9, 34, 43, 30, 0, 10, 14, 44, 20, 32, 50, 52, 25, 56, 11, 3, 27, 35, 7, 21, 23, 47, 13, 41, 19, 38, 48, 54, 17, 5, 55, 33, 29, 45, 59, 28, 58, 49, 15, 57, 51, 53, 31, 37, 39]
----------------------------------------------------------------------------------
Temps d'exécution :0:19:06.839947
Les paramètres: 
La plaquette: [0, 1, 2, 3, 4, 5, 6, 7, 8, 9, 10, 11, 12, 13, 14, 15, 16, 17, 18, 19, 20, 21, 22, 23, 24, 25, 26, 27, 28, 29, 30, 31, 32, 33, 34, 35, 36, 37, 38, 39, 40, 41, 42, 43, 44, 45, 46, 47, 48, 49, 50, 51, 52, 53, 54, 55, 56, 57, 58, 59], Nombre de pas: 500
Résultat du lancement de l'algo: 
Fitness obtenue: 7522230 après 498 pas
Nombre de fitness calculé en tout: 495000
Placement pour chaque équipement obtenu: [47, 15, 2, 3, 23, 5, 0, 48, 16, 22, 10, 27, 28, 13, 17, 1, 14, 36, 6, 7, 40, 21, 19, 8, 24, 25, 33, 34, 9, 32, 30, 50, 29, 20, 35, 42, 26, 4, 37, 39, 12, 11, 44, 38, 31, 46, 45, 41, 54, 49, 55, 51, 52, 53, 18, 58, 56, 57, 43, 59]
----------------------------------------------------------------------------------
Temps d'exécution :0:19:33.456742
Les paramètres: 
La plaquette: [59, 58, 57, 56, 55, 54, 53, 52, 51, 50, 49, 48, 47, 46, 45, 44, 43, 42, 41, 40, 39, 38, 37, 36, 35, 34, 33, 32, 31, 30, 29, 28, 27, 26, 25, 24, 23, 22, 21, 20, 19, 18, 17, 16, 15, 14, 13, 12, 11, 10, 9, 8, 7, 6, 5, 4, 3, 2, 1, 0], Nombre de pas: 500
Résultat du lancement de l'algo: 
Fitness obtenue: 7625618 après 498 pas
Nombre de fitness calculé en tout: 495000
Placement pour chaque équipement obtenu: [59, 58, 46, 52, 35, 51, 56, 48, 45, 18, 47, 50, 34, 27, 44, 40, 29, 16, 26, 43, 39, 54, 28, 36, 6, 57, 22, 25, 31, 42, 17, 37, 49, 41, 53, 24, 21, 33, 32, 7, 19, 15, 30, 23, 55, 14, 38, 12, 11, 4, 1, 8, 20, 3, 5, 13, 10, 2, 9, 0]
----------------------------------------------------------------------------------
Temps d'exécution :0:19:10.641776
Les paramètres: 
La plaquette: [0, 2, 4, 6, 8, 10, 12, 14, 16, 18, 20, 22, 24, 26, 28, 30, 32, 34, 36, 38, 40, 42, 44, 46, 48, 50, 52, 54, 56, 58, 1, 3, 5, 7, 9, 11, 13, 15, 17, 19, 21, 23, 25, 27, 29, 31, 33, 35, 37, 39, 41, 43, 45, 47, 49, 51, 53, 55, 57, 59], Nombre de pas: 500
Résultat du lancement de l'algo: 
Fitness obtenue: 7608858 après 498 pas
Nombre de fitness calculé en tout: 495000
Placement pour chaque équipement obtenu: [24, 2, 4, 18, 8, 16, 12, 42, 6, 40, 46, 22, 36, 26, 1, 9, 34, 43, 30, 0, 10, 14, 44, 20, 32, 50, 52, 25, 56, 11, 3, 27, 35, 7, 21, 23, 47, 13, 41, 19, 38, 48, 54, 17, 5, 55, 33, 29, 45, 59, 28, 58, 49, 15, 57, 51, 53, 31, 37, 39]
----------------------------------------------------------------------------------
Temps d'exécution :0:40:46.156985
Les paramètres: 
La plaquette: [0, 1, 2, 3, 4, 5, 6, 7, 8, 9, 10, 11, 12, 13, 14, 15, 16, 17, 18, 19, 20, 21, 22, 23, 24, 25, 26, 27, 28, 29, 30, 31, 32, 33, 34, 35, 36, 37, 38, 39, 40, 41, 42, 43, 44, 45, 46, 47, 48, 49, 50, 51, 52, 53, 54, 55, 56, 57, 58, 59], Nombre de pas: 1000
Résultat du lancement de l'algo: 
Fitness obtenue: 7522230 après 998 pas
Nombre de fitness calculé en tout: 990000
Placement pour chaque équipement obtenu: [47, 15, 2, 3, 23, 5, 0, 48, 16, 22, 10, 27, 28, 13, 17, 1, 14, 36, 6, 7, 40, 21, 19, 8, 24, 25, 33, 34, 9, 32, 30, 50, 29, 20, 35, 42, 26, 4, 37, 39, 12, 11, 44, 38, 31, 46, 45, 41, 54, 49, 55, 51, 52, 53, 18, 58, 56, 57, 43, 59]
----------------------------------------------------------------------------------
Temps d'exécution :0:38:30.653488
Les paramètres: 
La plaquette: [59, 58, 57, 56, 55, 54, 53, 52, 51, 50, 49, 48, 47, 46, 45, 44, 43, 42, 41, 40, 39, 38, 37, 36, 35, 34, 33, 32, 31, 30, 29, 28, 27, 26, 25, 24, 23, 22, 21, 20, 19, 18, 17, 16, 15, 14, 13, 12, 11, 10, 9, 8, 7, 6, 5, 4, 3, 2, 1, 0], Nombre de pas: 1000
Résultat du lancement de l'algo: 
Fitness obtenue: 7625618 après 998 pas
Nombre de fitness calculé en tout: 990000
Placement pour chaque équipement obtenu: [59, 58, 46, 52, 35, 51, 56, 48, 45, 18, 47, 50, 34, 27, 44, 40, 29, 16, 26, 43, 39, 54, 28, 36, 6, 57, 22, 25, 31, 42, 17, 37, 49, 41, 53, 24, 21, 33, 32, 7, 19, 15, 30, 23, 55, 14, 38, 12, 11, 4, 1, 8, 20, 3, 5, 13, 10, 2, 9, 0]
----------------------------------------------------------------------------------
Temps d'exécution :0:37:28.877749
Les paramètres: 
La plaquette: [0, 2, 4, 6, 8, 10, 12, 14, 16, 18, 20, 22, 24, 26, 28, 30, 32, 34, 36, 38, 40, 42, 44, 46, 48, 50, 52, 54, 56, 58, 1, 3, 5, 7, 9, 11, 13, 15, 17, 19, 21, 23, 25, 27, 29, 31, 33, 35, 37, 39, 41, 43, 45, 47, 49, 51, 53, 55, 57, 59], Nombre de pas: 1000
Résultat du lancement de l'algo: 
Fitness obtenue: 7608858 après 998 pas
Nombre de fitness calculé en tout: 990000
Placement pour chaque équipement obtenu: [24, 2, 4, 18, 8, 16, 12, 42, 6, 40, 46, 22, 36, 26, 1, 9, 34, 43, 30, 0, 10, 14, 44, 20, 32, 50, 52, 25, 56, 11, 3, 27, 35, 7, 21, 23, 47, 13, 41, 19, 38, 48, 54, 17, 5, 55, 33, 29, 45, 59, 28, 58, 49, 15, 57, 51, 53, 31, 37, 39]
----------------------------------------------------------------------------------
Temps d'exécution :0:03:53.734707
Les paramètres: 
La plaquette: [0, 1, 2, 3, 4, 5, 6, 7, 8, 9, 10, 11, 12, 13, 14, 15, 16, 17, 18, 19, 20, 21, 22, 23, 24, 25, 26, 27, 28, 29, 30, 31, 32, 33, 34, 35, 36, 37, 38, 39, 40, 41, 42, 43, 44, 45, 46, 47, 48, 49, 50, 51, 52, 53, 54, 55, 56, 57, 58, 59], Nombre de pas: 100
Résultat du lancement de l'algo: 
Fitness obtenue: 7522230 après 98 pas
Nombre de fitness calculé en tout: 99000
Placement pour chaque équipement obtenu: [47, 15, 2, 3, 23, 5, 0, 48, 16, 22, 10, 27, 28, 13, 17, 1, 14, 36, 6, 7, 40, 21, 19, 8, 24, 25, 33, 34, 9, 32, 30, 50, 29, 20, 35, 42, 26, 4, 37, 39, 12, 11, 44, 38, 31, 46, 45, 41, 54, 49, 55, 51, 52, 53, 18, 58, 56, 57, 43, 59]
----------------------------------------------------------------------------------
Temps d'exécution :0:03:48.237413
Les paramètres: 
La plaquette: [59, 58, 57, 56, 55, 54, 53, 52, 51, 50, 49, 48, 47, 46, 45, 44, 43, 42, 41, 40, 39, 38, 37, 36, 35, 34, 33, 32, 31, 30, 29, 28, 27, 26, 25, 24, 23, 22, 21, 20, 19, 18, 17, 16, 15, 14, 13, 12, 11, 10, 9, 8, 7, 6, 5, 4, 3, 2, 1, 0], Nombre de pas: 100
Résultat du lancement de l'algo: 
Fitness obtenue: 7625618 après 98 pas
Nombre de fitness calculé en tout: 99000
Placement pour chaque équipement obtenu: [59, 58, 46, 52, 35, 51, 56, 48, 45, 18, 47, 50, 34, 27, 44, 40, 29, 16, 26, 43, 39, 54, 28, 36, 6, 57, 22, 25, 31, 42, 17, 37, 49, 41, 53, 24, 21, 33, 32, 7, 19, 15, 30, 23, 55, 14, 38, 12, 11, 4, 1, 8, 20, 3, 5, 13, 10, 2, 9, 0]
----------------------------------------------------------------------------------
Temps d'exécution :0:04:05.659807
Les paramètres: 
La plaquette: [0, 2, 4, 6, 8, 10, 12, 14, 16, 18, 20, 22, 24, 26, 28, 30, 32, 34, 36, 38, 40, 42, 44, 46, 48, 50, 52, 54, 56, 58, 1, 3, 5, 7, 9, 11, 13, 15, 17, 19, 21, 23, 25, 27, 29, 31, 33, 35, 37, 39, 41, 43, 45, 47, 49, 51, 53, 55, 57, 59], Nombre de pas: 100
Résultat du lancement de l'algo: 
Fitness obtenue: 7608858 après 98 pas
Nombre de fitness calculé en tout: 99000
Placement pour chaque équipement obtenu: [24, 2, 4, 18, 8, 16, 12, 42, 6, 40, 46, 22, 36, 26, 1, 9, 34, 43, 30, 0, 10, 14, 44, 20, 32, 50, 52, 25, 56, 11, 3, 27, 35, 7, 21, 23, 47, 13, 41, 19, 38, 48, 54, 17, 5, 55, 33, 29, 45, 59, 28, 58, 49, 15, 57, 51, 53, 31, 37, 39]
----------------------------------------------------------------------------------
Temps d'exécution :0:09:07.380633
Les paramètres: 
La plaquette: [0, 1, 2, 3, 4, 5, 6, 7, 8, 9, 10, 11, 12, 13, 14, 15, 16, 17, 18, 19, 20, 21, 22, 23, 24, 25, 26, 27, 28, 29, 30, 31, 32, 33, 34, 35, 36, 37, 38, 39, 40, 41, 42, 43, 44, 45, 46, 47, 48, 49, 50, 51, 52, 53, 54, 55, 56, 57, 58, 59], Nombre de pas: 250
Résultat du lancement de l'algo: 
Fitness obtenue: 7522230 après 248 pas
Nombre de fitness calculé en tout: 247500
Placement pour chaque équipement obtenu: [47, 15, 2, 3, 23, 5, 0, 48, 16, 22, 10, 27, 28, 13, 17, 1, 14, 36, 6, 7, 40, 21, 19, 8, 24, 25, 33, 34, 9, 32, 30, 50, 29, 20, 35, 42, 26, 4, 37, 39, 12, 11, 44, 38, 31, 46, 45, 41, 54, 49, 55, 51, 52, 53, 18, 58, 56, 57, 43, 59]
----------------------------------------------------------------------------------
Temps d'exécution :0:09:41.715780
Les paramètres: 
La plaquette: [59, 58, 57, 56, 55, 54, 53, 52, 51, 50, 49, 48, 47, 46, 45, 44, 43, 42, 41, 40, 39, 38, 37, 36, 35, 34, 33, 32, 31, 30, 29, 28, 27, 26, 25, 24, 23, 22, 21, 20, 19, 18, 17, 16, 15, 14, 13, 12, 11, 10, 9, 8, 7, 6, 5, 4, 3, 2, 1, 0], Nombre de pas: 250
Résultat du lancement de l'algo: 
Fitness obtenue: 7625618 après 248 pas
Nombre de fitness calculé en tout: 247500
Placement pour chaque équipement obtenu: [59, 58, 46, 52, 35, 51, 56, 48, 45, 18, 47, 50, 34, 27, 44, 40, 29, 16, 26, 43, 39, 54, 28, 36, 6, 57, 22, 25, 31, 42, 17, 37, 49, 41, 53, 24, 21, 33, 32, 7, 19, 15, 30, 23, 55, 14, 38, 12, 11, 4, 1, 8, 20, 3, 5, 13, 10, 2, 9, 0]
----------------------------------------------------------------------------------
Temps d'exécution :0:09:43.898940
Les paramètres: 
La plaquette: [0, 2, 4, 6, 8, 10, 12, 14, 16, 18, 20, 22, 24, 26, 28, 30, 32, 34, 36, 38, 40, 42, 44, 46, 48, 50, 52, 54, 56, 58, 1, 3, 5, 7, 9, 11, 13, 15, 17, 19, 21, 23, 25, 27, 29, 31, 33, 35, 37, 39, 41, 43, 45, 47, 49, 51, 53, 55, 57, 59], Nombre de pas: 250
Résultat du lancement de l'algo: 
Fitness obtenue: 7608858 après 248 pas
Nombre de fitness calculé en tout: 247500
Placement pour chaque équipement obtenu: [24, 2, 4, 18, 8, 16, 12, 42, 6, 40, 46, 22, 36, 26, 1, 9, 34, 43, 30, 0, 10, 14, 44, 20, 32, 50, 52, 25, 56, 11, 3, 27, 35, 7, 21, 23, 47, 13, 41, 19, 38, 48, 54, 17, 5, 55, 33, 29, 45, 59, 28, 58, 49, 15, 57, 51, 53, 31, 37, 39]
----------------------------------------------------------------------------------
Temps d'exécution :0:19:51.447611
Les paramètres: 
La plaquette: [0, 1, 2, 3, 4, 5, 6, 7, 8, 9, 10, 11, 12, 13, 14, 15, 16, 17, 18, 19, 20, 21, 22, 23, 24, 25, 26, 27, 28, 29, 30, 31, 32, 33, 34, 35, 36, 37, 38, 39, 40, 41, 42, 43, 44, 45, 46, 47, 48, 49, 50, 51, 52, 53, 54, 55, 56, 57, 58, 59], Nombre de pas: 500
Résultat du lancement de l'algo: 
Fitness obtenue: 7522230 après 498 pas
Nombre de fitness calculé en tout: 495000
Placement pour chaque équipement obtenu: [47, 15, 2, 3, 23, 5, 0, 48, 16, 22, 10, 27, 28, 13, 17, 1, 14, 36, 6, 7, 40, 21, 19, 8, 24, 25, 33, 34, 9, 32, 30, 50, 29, 20, 35, 42, 26, 4, 37, 39, 12, 11, 44, 38, 31, 46, 45, 41, 54, 49, 55, 51, 52, 53, 18, 58, 56, 57, 43, 59]
----------------------------------------------------------------------------------
Temps d'exécution :0:19:21.312232
Les paramètres: 
La plaquette: [59, 58, 57, 56, 55, 54, 53, 52, 51, 50, 49, 48, 47, 46, 45, 44, 43, 42, 41, 40, 39, 38, 37, 36, 35, 34, 33, 32, 31, 30, 29, 28, 27, 26, 25, 24, 23, 22, 21, 20, 19, 18, 17, 16, 15, 14, 13, 12, 11, 10, 9, 8, 7, 6, 5, 4, 3, 2, 1, 0], Nombre de pas: 500
Résultat du lancement de l'algo: 
Fitness obtenue: 7625618 après 498 pas
Nombre de fitness calculé en tout: 495000
Placement pour chaque équipement obtenu: [59, 58, 46, 52, 35, 51, 56, 48, 45, 18, 47, 50, 34, 27, 44, 40, 29, 16, 26, 43, 39, 54, 28, 36, 6, 57, 22, 25, 31, 42, 17, 37, 49, 41, 53, 24, 21, 33, 32, 7, 19, 15, 30, 23, 55, 14, 38, 12, 11, 4, 1, 8, 20, 3, 5, 13, 10, 2, 9, 0]
----------------------------------------------------------------------------------
Temps d'exécution :0:18:07.859733
Les paramètres: 
La plaquette: [0, 2, 4, 6, 8, 10, 12, 14, 16, 18, 20, 22, 24, 26, 28, 30, 32, 34, 36, 38, 40, 42, 44, 46, 48, 50, 52, 54, 56, 58, 1, 3, 5, 7, 9, 11, 13, 15, 17, 19, 21, 23, 25, 27, 29, 31, 33, 35, 37, 39, 41, 43, 45, 47, 49, 51, 53, 55, 57, 59], Nombre de pas: 500
Résultat du lancement de l'algo: 
Fitness obtenue: 7608858 après 498 pas
Nombre de fitness calculé en tout: 495000
Placement pour chaque équipement obtenu: [24, 2, 4, 18, 8, 16, 12, 42, 6, 40, 46, 22, 36, 26, 1, 9, 34, 43, 30, 0, 10, 14, 44, 20, 32, 50, 52, 25, 56, 11, 3, 27, 35, 7, 21, 23, 47, 13, 41, 19, 38, 48, 54, 17, 5, 55, 33, 29, 45, 59, 28, 58, 49, 15, 57, 51, 53, 31, 37, 39]
----------------------------------------------------------------------------------
Temps d'exécution :0:39:33.520304
Les paramètres: 
La plaquette: [0, 1, 2, 3, 4, 5, 6, 7, 8, 9, 10, 11, 12, 13, 14, 15, 16, 17, 18, 19, 20, 21, 22, 23, 24, 25, 26, 27, 28, 29, 30, 31, 32, 33, 34, 35, 36, 37, 38, 39, 40, 41, 42, 43, 44, 45, 46, 47, 48, 49, 50, 51, 52, 53, 54, 55, 56, 57, 58, 59], Nombre de pas: 1000
Résultat du lancement de l'algo: 
Fitness obtenue: 7522230 après 998 pas
Nombre de fitness calculé en tout: 990000
Placement pour chaque équipement obtenu: [47, 15, 2, 3, 23, 5, 0, 48, 16, 22, 10, 27, 28, 13, 17, 1, 14, 36, 6, 7, 40, 21, 19, 8, 24, 25, 33, 34, 9, 32, 30, 50, 29, 20, 35, 42, 26, 4, 37, 39, 12, 11, 44, 38, 31, 46, 45, 41, 54, 49, 55, 51, 52, 53, 18, 58, 56, 57, 43, 59]
----------------------------------------------------------------------------------
Temps d'exécution :0:41:55.137446
Les paramètres: 
La plaquette: [59, 58, 57, 56, 55, 54, 53, 52, 51, 50, 49, 48, 47, 46, 45, 44, 43, 42, 41, 40, 39, 38, 37, 36, 35, 34, 33, 32, 31, 30, 29, 28, 27, 26, 25, 24, 23, 22, 21, 20, 19, 18, 17, 16, 15, 14, 13, 12, 11, 10, 9, 8, 7, 6, 5, 4, 3, 2, 1, 0], Nombre de pas: 1000
Résultat du lancement de l'algo: 
Fitness obtenue: 7625618 après 998 pas
Nombre de fitness calculé en tout: 990000
Placement pour chaque équipement obtenu: [59, 58, 46, 52, 35, 51, 56, 48, 45, 18, 47, 50, 34, 27, 44, 40, 29, 16, 26, 43, 39, 54, 28, 36, 6, 57, 22, 25, 31, 42, 17, 37, 49, 41, 53, 24, 21, 33, 32, 7, 19, 15, 30, 23, 55, 14, 38, 12, 11, 4, 1, 8, 20, 3, 5, 13, 10, 2, 9, 0]
----------------------------------------------------------------------------------
Temps d'exécution :0:41:56.051003
Les paramètres: 
La plaquette: [0, 2, 4, 6, 8, 10, 12, 14, 16, 18, 20, 22, 24, 26, 28, 30, 32, 34, 36, 38, 40, 42, 44, 46, 48, 50, 52, 54, 56, 58, 1, 3, 5, 7, 9, 11, 13, 15, 17, 19, 21, 23, 25, 27, 29, 31, 33, 35, 37, 39, 41, 43, 45, 47, 49, 51, 53, 55, 57, 59], Nombre de pas: 1000
Résultat du lancement de l'algo: 
Fitness obtenue: 7608858 après 998 pas
Nombre de fitness calculé en tout: 990000
Placement pour chaque équipement obtenu: [24, 2, 4, 18, 8, 16, 12, 42, 6, 40, 46, 22, 36, 26, 1, 9, 34, 43, 30, 0, 10, 14, 44, 20, 32, 50, 52, 25, 56, 11, 3, 27, 35, 7, 21, 23, 47, 13, 41, 19, 38, 48, 54, 17, 5, 55, 33, 29, 45, 59, 28, 58, 49, 15, 57, 51, 53, 31, 37, 39]
----------------------------------------------------------------------------------
Temps d'exécution :0:04:33.751652
Les paramètres: 
La plaquette: [0, 1, 2, 3, 4, 5, 6, 7, 8, 9, 10, 11, 12, 13, 14, 15, 16, 17, 18, 19, 20, 21, 22, 23, 24, 25, 26, 27, 28, 29, 30, 31, 32, 33, 34, 35, 36, 37, 38, 39, 40, 41, 42, 43, 44, 45, 46, 47, 48, 49, 50, 51, 52, 53, 54, 55, 56, 57, 58, 59], Nombre de pas: 100
Résultat du lancement de l'algo: 
Fitness obtenue: 7522230 après 98 pas
Nombre de fitness calculé en tout: 99000
Placement pour chaque équipement obtenu: [47, 15, 2, 3, 23, 5, 0, 48, 16, 22, 10, 27, 28, 13, 17, 1, 14, 36, 6, 7, 40, 21, 19, 8, 24, 25, 33, 34, 9, 32, 30, 50, 29, 20, 35, 42, 26, 4, 37, 39, 12, 11, 44, 38, 31, 46, 45, 41, 54, 49, 55, 51, 52, 53, 18, 58, 56, 57, 43, 59]
----------------------------------------------------------------------------------
Temps d'exécution :0:04:36.236286
Les paramètres: 
La plaquette: [59, 58, 57, 56, 55, 54, 53, 52, 51, 50, 49, 48, 47, 46, 45, 44, 43, 42, 41, 40, 39, 38, 37, 36, 35, 34, 33, 32, 31, 30, 29, 28, 27, 26, 25, 24, 23, 22, 21, 20, 19, 18, 17, 16, 15, 14, 13, 12, 11, 10, 9, 8, 7, 6, 5, 4, 3, 2, 1, 0], Nombre de pas: 100
Résultat du lancement de l'algo: 
Fitness obtenue: 7625618 après 98 pas
Nombre de fitness calculé en tout: 99000
Placement pour chaque équipement obtenu: [59, 58, 46, 52, 35, 51, 56, 48, 45, 18, 47, 50, 34, 27, 44, 40, 29, 16, 26, 43, 39, 54, 28, 36, 6, 57, 22, 25, 31, 42, 17, 37, 49, 41, 53, 24, 21, 33, 32, 7, 19, 15, 30, 23, 55, 14, 38, 12, 11, 4, 1, 8, 20, 3, 5, 13, 10, 2, 9, 0]
----------------------------------------------------------------------------------
Temps d'exécution :0:04:05.412467
Les paramètres: 
La plaquette: [0, 2, 4, 6, 8, 10, 12, 14, 16, 18, 20, 22, 24, 26, 28, 30, 32, 34, 36, 38, 40, 42, 44, 46, 48, 50, 52, 54, 56, 58, 1, 3, 5, 7, 9, 11, 13, 15, 17, 19, 21, 23, 25, 27, 29, 31, 33, 35, 37, 39, 41, 43, 45, 47, 49, 51, 53, 55, 57, 59], Nombre de pas: 100
Résultat du lancement de l'algo: 
Fitness obtenue: 7608858 après 98 pas
Nombre de fitness calculé en tout: 99000
Placement pour chaque équipement obtenu: [24, 2, 4, 18, 8, 16, 12, 42, 6, 40, 46, 22, 36, 26, 1, 9, 34, 43, 30, 0, 10, 14, 44, 20, 32, 50, 52, 25, 56, 11, 3, 27, 35, 7, 21, 23, 47, 13, 41, 19, 38, 48, 54, 17, 5, 55, 33, 29, 45, 59, 28, 58, 49, 15, 57, 51, 53, 31, 37, 39]
----------------------------------------------------------------------------------
Temps d'exécution :0:10:13.228479
Les paramètres: 
La plaquette: [0, 1, 2, 3, 4, 5, 6, 7, 8, 9, 10, 11, 12, 13, 14, 15, 16, 17, 18, 19, 20, 21, 22, 23, 24, 25, 26, 27, 28, 29, 30, 31, 32, 33, 34, 35, 36, 37, 38, 39, 40, 41, 42, 43, 44, 45, 46, 47, 48, 49, 50, 51, 52, 53, 54, 55, 56, 57, 58, 59], Nombre de pas: 250
Résultat du lancement de l'algo: 
Fitness obtenue: 7522230 après 248 pas
Nombre de fitness calculé en tout: 247500
Placement pour chaque équipement obtenu: [47, 15, 2, 3, 23, 5, 0, 48, 16, 22, 10, 27, 28, 13, 17, 1, 14, 36, 6, 7, 40, 21, 19, 8, 24, 25, 33, 34, 9, 32, 30, 50, 29, 20, 35, 42, 26, 4, 37, 39, 12, 11, 44, 38, 31, 46, 45, 41, 54, 49, 55, 51, 52, 53, 18, 58, 56, 57, 43, 59]
----------------------------------------------------------------------------------
Temps d'exécution :0:20:18.395313
Les paramètres: 
La plaquette: [59, 58, 57, 56, 55, 54, 53, 52, 51, 50, 49, 48, 47, 46, 45, 44, 43, 42, 41, 40, 39, 38, 37, 36, 35, 34, 33, 32, 31, 30, 29, 28, 27, 26, 25, 24, 23, 22, 21, 20, 19, 18, 17, 16, 15, 14, 13, 12, 11, 10, 9, 8, 7, 6, 5, 4, 3, 2, 1, 0], Nombre de pas: 250
Résultat du lancement de l'algo: 
Fitness obtenue: 7625618 après 248 pas
Nombre de fitness calculé en tout: 247500
Placement pour chaque équipement obtenu: [59, 58, 46, 52, 35, 51, 56, 48, 45, 18, 47, 50, 34, 27, 44, 40, 29, 16, 26, 43, 39, 54, 28, 36, 6, 57, 22, 25, 31, 42, 17, 37, 49, 41, 53, 24, 21, 33, 32, 7, 19, 15, 30, 23, 55, 14, 38, 12, 11, 4, 1, 8, 20, 3, 5, 13, 10, 2, 9, 0]
----------------------------------------------------------------------------------
Temps d'exécution :0:30:58.938936
Les paramètres: 
La plaquette: [0, 2, 4, 6, 8, 10, 12, 14, 16, 18, 20, 22, 24, 26, 28, 30, 32, 34, 36, 38, 40, 42, 44, 46, 48, 50, 52, 54, 56, 58, 1, 3, 5, 7, 9, 11, 13, 15, 17, 19, 21, 23, 25, 27, 29, 31, 33, 35, 37, 39, 41, 43, 45, 47, 49, 51, 53, 55, 57, 59], Nombre de pas: 250
Résultat du lancement de l'algo: 
Fitness obtenue: 7608858 après 248 pas
Nombre de fitness calculé en tout: 247500
Placement pour chaque équipement obtenu: [24, 2, 4, 18, 8, 16, 12, 42, 6, 40, 46, 22, 36, 26, 1, 9, 34, 43, 30, 0, 10, 14, 44, 20, 32, 50, 52, 25, 56, 11, 3, 27, 35, 7, 21, 23, 47, 13, 41, 19, 38, 48, 54, 17, 5, 55, 33, 29, 45, 59, 28, 58, 49, 15, 57, 51, 53, 31, 37, 39]
----------------------------------------------------------------------------------
Temps d'exécution :1:25:59.721206
Les paramètres: 
La plaquette: [0, 1, 2, 3, 4, 5, 6, 7, 8, 9, 10, 11, 12, 13, 14, 15, 16, 17, 18, 19, 20, 21, 22, 23, 24, 25, 26, 27, 28, 29, 30, 31, 32, 33, 34, 35, 36, 37, 38, 39, 40, 41, 42, 43, 44, 45, 46, 47, 48, 49, 50, 51, 52, 53, 54, 55, 56, 57, 58, 59], Nombre de pas: 500
Résultat du lancement de l'algo: 
Fitness obtenue: 7522230 après 498 pas
Nombre de fitness calculé en tout: 495000
Placement pour chaque équipement obtenu: [47, 15, 2, 3, 23, 5, 0, 48, 16, 22, 10, 27, 28, 13, 17, 1, 14, 36, 6, 7, 40, 21, 19, 8, 24, 25, 33, 34, 9, 32, 30, 50, 29, 20, 35, 42, 26, 4, 37, 39, 12, 11, 44, 38, 31, 46, 45, 41, 54, 49, 55, 51, 52, 53, 18, 58, 56, 57, 43, 59]
----------------------------------------------------------------------------------
Temps d'exécution :1:08:56.884902
Les paramètres: 
La plaquette: [59, 58, 57, 56, 55, 54, 53, 52, 51, 50, 49, 48, 47, 46, 45, 44, 43, 42, 41, 40, 39, 38, 37, 36, 35, 34, 33, 32, 31, 30, 29, 28, 27, 26, 25, 24, 23, 22, 21, 20, 19, 18, 17, 16, 15, 14, 13, 12, 11, 10, 9, 8, 7, 6, 5, 4, 3, 2, 1, 0], Nombre de pas: 500
Résultat du lancement de l'algo: 
Fitness obtenue: 7625618 après 498 pas
Nombre de fitness calculé en tout: 495000
Placement pour chaque équipement obtenu: [59, 58, 46, 52, 35, 51, 56, 48, 45, 18, 47, 50, 34, 27, 44, 40, 29, 16, 26, 43, 39, 54, 28, 36, 6, 57, 22, 25, 31, 42, 17, 37, 49, 41, 53, 24, 21, 33, 32, 7, 19, 15, 30, 23, 55, 14, 38, 12, 11, 4, 1, 8, 20, 3, 5, 13, 10, 2, 9, 0]
----------------------------------------------------------------------------------
Temps d'exécution :0:28:55.732044
Les paramètres: 
La plaquette: [0, 2, 4, 6, 8, 10, 12, 14, 16, 18, 20, 22, 24, 26, 28, 30, 32, 34, 36, 38, 40, 42, 44, 46, 48, 50, 52, 54, 56, 58, 1, 3, 5, 7, 9, 11, 13, 15, 17, 19, 21, 23, 25, 27, 29, 31, 33, 35, 37, 39, 41, 43, 45, 47, 49, 51, 53, 55, 57, 59], Nombre de pas: 500
Résultat du lancement de l'algo: 
Fitness obtenue: 7608858 après 498 pas
Nombre de fitness calculé en tout: 495000
Placement pour chaque équipement obtenu: [24, 2, 4, 18, 8, 16, 12, 42, 6, 40, 46, 22, 36, 26, 1, 9, 34, 43, 30, 0, 10, 14, 44, 20, 32, 50, 52, 25, 56, 11, 3, 27, 35, 7, 21, 23, 47, 13, 41, 19, 38, 48, 54, 17, 5, 55, 33, 29, 45, 59, 28, 58, 49, 15, 57, 51, 53, 31, 37, 39]
----------------------------------------------------------------------------------
Temps d'exécution :0:56:26.982475
Les paramètres: 
La plaquette: [0, 1, 2, 3, 4, 5, 6, 7, 8, 9, 10, 11, 12, 13, 14, 15, 16, 17, 18, 19, 20, 21, 22, 23, 24, 25, 26, 27, 28, 29, 30, 31, 32, 33, 34, 35, 36, 37, 38, 39, 40, 41, 42, 43, 44, 45, 46, 47, 48, 49, 50, 51, 52, 53, 54, 55, 56, 57, 58, 59], Nombre de pas: 1000
Résultat du lancement de l'algo: 
Fitness obtenue: 7522230 après 998 pas
Nombre de fitness calculé en tout: 990000
Placement pour chaque équipement obtenu: [47, 15, 2, 3, 23, 5, 0, 48, 16, 22, 10, 27, 28, 13, 17, 1, 14, 36, 6, 7, 40, 21, 19, 8, 24, 25, 33, 34, 9, 32, 30, 50, 29, 20, 35, 42, 26, 4, 37, 39, 12, 11, 44, 38, 31, 46, 45, 41, 54, 49, 55, 51, 52, 53, 18, 58, 56, 57, 43, 59]
----------------------------------------------------------------------------------
Temps d'exécution :0:54:55.551888
Les paramètres: 
La plaquette: [59, 58, 57, 56, 55, 54, 53, 52, 51, 50, 49, 48, 47, 46, 45, 44, 43, 42, 41, 40, 39, 38, 37, 36, 35, 34, 33, 32, 31, 30, 29, 28, 27, 26, 25, 24, 23, 22, 21, 20, 19, 18, 17, 16, 15, 14, 13, 12, 11, 10, 9, 8, 7, 6, 5, 4, 3, 2, 1, 0], Nombre de pas: 1000
Résultat du lancement de l'algo: 
Fitness obtenue: 7625618 après 998 pas
Nombre de fitness calculé en tout: 990000
Placement pour chaque équipement obtenu: [59, 58, 46, 52, 35, 51, 56, 48, 45, 18, 47, 50, 34, 27, 44, 40, 29, 16, 26, 43, 39, 54, 28, 36, 6, 57, 22, 25, 31, 42, 17, 37, 49, 41, 53, 24, 21, 33, 32, 7, 19, 15, 30, 23, 55, 14, 38, 12, 11, 4, 1, 8, 20, 3, 5, 13, 10, 2, 9, 0]
----------------------------------------------------------------------------------
Temps d'exécution :3:23:24.827625
Les paramètres: 
La plaquette: [0, 2, 4, 6, 8, 10, 12, 14, 16, 18, 20, 22, 24, 26, 28, 30, 32, 34, 36, 38, 40, 42, 44, 46, 48, 50, 52, 54, 56, 58, 1, 3, 5, 7, 9, 11, 13, 15, 17, 19, 21, 23, 25, 27, 29, 31, 33, 35, 37, 39, 41, 43, 45, 47, 49, 51, 53, 55, 57, 59], Nombre de pas: 1000
Résultat du lancement de l'algo: 
Fitness obtenue: 7608858 après 998 pas
Nombre de fitness calculé en tout: 990000
Placement pour chaque équipement obtenu: [24, 2, 4, 18, 8, 16, 12, 42, 6, 40, 46, 22, 36, 26, 1, 9, 34, 43, 30, 0, 10, 14, 44, 20, 32, 50, 52, 25, 56, 11, 3, 27, 35, 7, 21, 23, 47, 13, 41, 19, 38, 48, 54, 17, 5, 55, 33, 29, 45, 59, 28, 58, 49, 15, 57, 51, 53, 31, 37, 39]
----------------------------------------------------------------------------------
Temps d'exécution :0:10:16.416940
Les paramètres: 
La plaquette: [0, 1, 2, 3, 4, 5, 6, 7, 8, 9, 10, 11, 12, 13, 14, 15, 16, 17, 18, 19, 20, 21, 22, 23, 24, 25, 26, 27, 28, 29, 30, 31, 32, 33, 34, 35, 36, 37, 38, 39, 40, 41, 42, 43, 44, 45, 46, 47, 48, 49, 50, 51, 52, 53, 54, 55, 56, 57, 58, 59], Nombre de pas: 100
Résultat du lancement de l'algo: 
Fitness obtenue: 7522230 après 98 pas
Nombre de fitness calculé en tout: 99000
Placement pour chaque équipement obtenu: [47, 15, 2, 3, 23, 5, 0, 48, 16, 22, 10, 27, 28, 13, 17, 1, 14, 36, 6, 7, 40, 21, 19, 8, 24, 25, 33, 34, 9, 32, 30, 50, 29, 20, 35, 42, 26, 4, 37, 39, 12, 11, 44, 38, 31, 46, 45, 41, 54, 49, 55, 51, 52, 53, 18, 58, 56, 57, 43, 59]
----------------------------------------------------------------------------------
Temps d'exécution :0:05:28.226970
Les paramètres: 
La plaquette: [59, 58, 57, 56, 55, 54, 53, 52, 51, 50, 49, 48, 47, 46, 45, 44, 43, 42, 41, 40, 39, 38, 37, 36, 35, 34, 33, 32, 31, 30, 29, 28, 27, 26, 25, 24, 23, 22, 21, 20, 19, 18, 17, 16, 15, 14, 13, 12, 11, 10, 9, 8, 7, 6, 5, 4, 3, 2, 1, 0], Nombre de pas: 100
Résultat du lancement de l'algo: 
Fitness obtenue: 7625618 après 98 pas
Nombre de fitness calculé en tout: 99000
Placement pour chaque équipement obtenu: [59, 58, 46, 52, 35, 51, 56, 48, 45, 18, 47, 50, 34, 27, 44, 40, 29, 16, 26, 43, 39, 54, 28, 36, 6, 57, 22, 25, 31, 42, 17, 37, 49, 41, 53, 24, 21, 33, 32, 7, 19, 15, 30, 23, 55, 14, 38, 12, 11, 4, 1, 8, 20, 3, 5, 13, 10, 2, 9, 0]
----------------------------------------------------------------------------------
Temps d'exécution :0:05:37.978628
Les paramètres: 
La plaquette: [0, 2, 4, 6, 8, 10, 12, 14, 16, 18, 20, 22, 24, 26, 28, 30, 32, 34, 36, 38, 40, 42, 44, 46, 48, 50, 52, 54, 56, 58, 1, 3, 5, 7, 9, 11, 13, 15, 17, 19, 21, 23, 25, 27, 29, 31, 33, 35, 37, 39, 41, 43, 45, 47, 49, 51, 53, 55, 57, 59], Nombre de pas: 100
Résultat du lancement de l'algo: 
Fitness obtenue: 7608858 après 98 pas
Nombre de fitness calculé en tout: 99000
Placement pour chaque équipement obtenu: [24, 2, 4, 18, 8, 16, 12, 42, 6, 40, 46, 22, 36, 26, 1, 9, 34, 43, 30, 0, 10, 14, 44, 20, 32, 50, 52, 25, 56, 11, 3, 27, 35, 7, 21, 23, 47, 13, 41, 19, 38, 48, 54, 17, 5, 55, 33, 29, 45, 59, 28, 58, 49, 15, 57, 51, 53, 31, 37, 39]
----------------------------------------------------------------------------------
Temps d'exécution :0:14:16.869299
Les paramètres: 
La plaquette: [0, 1, 2, 3, 4, 5, 6, 7, 8, 9, 10, 11, 12, 13, 14, 15, 16, 17, 18, 19, 20, 21, 22, 23, 24, 25, 26, 27, 28, 29, 30, 31, 32, 33, 34, 35, 36, 37, 38, 39, 40, 41, 42, 43, 44, 45, 46, 47, 48, 49, 50, 51, 52, 53, 54, 55, 56, 57, 58, 59], Nombre de pas: 250
Résultat du lancement de l'algo: 
Fitness obtenue: 7522230 après 248 pas
Nombre de fitness calculé en tout: 247500
Placement pour chaque équipement obtenu: [47, 15, 2, 3, 23, 5, 0, 48, 16, 22, 10, 27, 28, 13, 17, 1, 14, 36, 6, 7, 40, 21, 19, 8, 24, 25, 33, 34, 9, 32, 30, 50, 29, 20, 35, 42, 26, 4, 37, 39, 12, 11, 44, 38, 31, 46, 45, 41, 54, 49, 55, 51, 52, 53, 18, 58, 56, 57, 43, 59]
----------------------------------------------------------------------------------
Temps d'exécution :0:14:07.085416
Les paramètres: 
La plaquette: [59, 58, 57, 56, 55, 54, 53, 52, 51, 50, 49, 48, 47, 46, 45, 44, 43, 42, 41, 40, 39, 38, 37, 36, 35, 34, 33, 32, 31, 30, 29, 28, 27, 26, 25, 24, 23, 22, 21, 20, 19, 18, 17, 16, 15, 14, 13, 12, 11, 10, 9, 8, 7, 6, 5, 4, 3, 2, 1, 0], Nombre de pas: 250
Résultat du lancement de l'algo: 
Fitness obtenue: 7625618 après 248 pas
Nombre de fitness calculé en tout: 247500
Placement pour chaque équipement obtenu: [59, 58, 46, 52, 35, 51, 56, 48, 45, 18, 47, 50, 34, 27, 44, 40, 29, 16, 26, 43, 39, 54, 28, 36, 6, 57, 22, 25, 31, 42, 17, 37, 49, 41, 53, 24, 21, 33, 32, 7, 19, 15, 30, 23, 55, 14, 38, 12, 11, 4, 1, 8, 20, 3, 5, 13, 10, 2, 9, 0]
----------------------------------------------------------------------------------
Temps d'exécution :0:14:48.438925
Les paramètres: 
La plaquette: [0, 2, 4, 6, 8, 10, 12, 14, 16, 18, 20, 22, 24, 26, 28, 30, 32, 34, 36, 38, 40, 42, 44, 46, 48, 50, 52, 54, 56, 58, 1, 3, 5, 7, 9, 11, 13, 15, 17, 19, 21, 23, 25, 27, 29, 31, 33, 35, 37, 39, 41, 43, 45, 47, 49, 51, 53, 55, 57, 59], Nombre de pas: 250
Résultat du lancement de l'algo: 
Fitness obtenue: 7608858 après 248 pas
Nombre de fitness calculé en tout: 247500
Placement pour chaque équipement obtenu: [24, 2, 4, 18, 8, 16, 12, 42, 6, 40, 46, 22, 36, 26, 1, 9, 34, 43, 30, 0, 10, 14, 44, 20, 32, 50, 52, 25, 56, 11, 3, 27, 35, 7, 21, 23, 47, 13, 41, 19, 38, 48, 54, 17, 5, 55, 33, 29, 45, 59, 28, 58, 49, 15, 57, 51, 53, 31, 37, 39]
----------------------------------------------------------------------------------
Temps d'exécution :0:30:34.451391
Les paramètres: 
La plaquette: [0, 1, 2, 3, 4, 5, 6, 7, 8, 9, 10, 11, 12, 13, 14, 15, 16, 17, 18, 19, 20, 21, 22, 23, 24, 25, 26, 27, 28, 29, 30, 31, 32, 33, 34, 35, 36, 37, 38, 39, 40, 41, 42, 43, 44, 45, 46, 47, 48, 49, 50, 51, 52, 53, 54, 55, 56, 57, 58, 59], Nombre de pas: 500
Résultat du lancement de l'algo: 
Fitness obtenue: 7522230 après 498 pas
Nombre de fitness calculé en tout: 495000
Placement pour chaque équipement obtenu: [47, 15, 2, 3, 23, 5, 0, 48, 16, 22, 10, 27, 28, 13, 17, 1, 14, 36, 6, 7, 40, 21, 19, 8, 24, 25, 33, 34, 9, 32, 30, 50, 29, 20, 35, 42, 26, 4, 37, 39, 12, 11, 44, 38, 31, 46, 45, 41, 54, 49, 55, 51, 52, 53, 18, 58, 56, 57, 43, 59]
----------------------------------------------------------------------------------
Temps d'exécution :0:30:58.572860
Les paramètres: 
La plaquette: [59, 58, 57, 56, 55, 54, 53, 52, 51, 50, 49, 48, 47, 46, 45, 44, 43, 42, 41, 40, 39, 38, 37, 36, 35, 34, 33, 32, 31, 30, 29, 28, 27, 26, 25, 24, 23, 22, 21, 20, 19, 18, 17, 16, 15, 14, 13, 12, 11, 10, 9, 8, 7, 6, 5, 4, 3, 2, 1, 0], Nombre de pas: 500
Résultat du lancement de l'algo: 
Fitness obtenue: 7625618 après 498 pas
Nombre de fitness calculé en tout: 495000
Placement pour chaque équipement obtenu: [59, 58, 46, 52, 35, 51, 56, 48, 45, 18, 47, 50, 34, 27, 44, 40, 29, 16, 26, 43, 39, 54, 28, 36, 6, 57, 22, 25, 31, 42, 17, 37, 49, 41, 53, 24, 21, 33, 32, 7, 19, 15, 30, 23, 55, 14, 38, 12, 11, 4, 1, 8, 20, 3, 5, 13, 10, 2, 9, 0]
----------------------------------------------------------------------------------
Temps d'exécution :0:29:33.948672
Les paramètres: 
La plaquette: [0, 2, 4, 6, 8, 10, 12, 14, 16, 18, 20, 22, 24, 26, 28, 30, 32, 34, 36, 38, 40, 42, 44, 46, 48, 50, 52, 54, 56, 58, 1, 3, 5, 7, 9, 11, 13, 15, 17, 19, 21, 23, 25, 27, 29, 31, 33, 35, 37, 39, 41, 43, 45, 47, 49, 51, 53, 55, 57, 59], Nombre de pas: 500
Résultat du lancement de l'algo: 
Fitness obtenue: 7608858 après 498 pas
Nombre de fitness calculé en tout: 495000
Placement pour chaque équipement obtenu: [24, 2, 4, 18, 8, 16, 12, 42, 6, 40, 46, 22, 36, 26, 1, 9, 34, 43, 30, 0, 10, 14, 44, 20, 32, 50, 52, 25, 56, 11, 3, 27, 35, 7, 21, 23, 47, 13, 41, 19, 38, 48, 54, 17, 5, 55, 33, 29, 45, 59, 28, 58, 49, 15, 57, 51, 53, 31, 37, 39]
----------------------------------------------------------------------------------
Temps d'exécution :0:56:57.091006
Les paramètres: 
La plaquette: [0, 1, 2, 3, 4, 5, 6, 7, 8, 9, 10, 11, 12, 13, 14, 15, 16, 17, 18, 19, 20, 21, 22, 23, 24, 25, 26, 27, 28, 29, 30, 31, 32, 33, 34, 35, 36, 37, 38, 39, 40, 41, 42, 43, 44, 45, 46, 47, 48, 49, 50, 51, 52, 53, 54, 55, 56, 57, 58, 59], Nombre de pas: 1000
Résultat du lancement de l'algo: 
Fitness obtenue: 7522230 après 998 pas
Nombre de fitness calculé en tout: 990000
Placement pour chaque équipement obtenu: [47, 15, 2, 3, 23, 5, 0, 48, 16, 22, 10, 27, 28, 13, 17, 1, 14, 36, 6, 7, 40, 21, 19, 8, 24, 25, 33, 34, 9, 32, 30, 50, 29, 20, 35, 42, 26, 4, 37, 39, 12, 11, 44, 38, 31, 46, 45, 41, 54, 49, 55, 51, 52, 53, 18, 58, 56, 57, 43, 59]
----------------------------------------------------------------------------------
Temps d'exécution :0:57:28.436414
Les paramètres: 
La plaquette: [59, 58, 57, 56, 55, 54, 53, 52, 51, 50, 49, 48, 47, 46, 45, 44, 43, 42, 41, 40, 39, 38, 37, 36, 35, 34, 33, 32, 31, 30, 29, 28, 27, 26, 25, 24, 23, 22, 21, 20, 19, 18, 17, 16, 15, 14, 13, 12, 11, 10, 9, 8, 7, 6, 5, 4, 3, 2, 1, 0], Nombre de pas: 1000
Résultat du lancement de l'algo: 
Fitness obtenue: 7625618 après 998 pas
Nombre de fitness calculé en tout: 990000
Placement pour chaque équipement obtenu: [59, 58, 46, 52, 35, 51, 56, 48, 45, 18, 47, 50, 34, 27, 44, 40, 29, 16, 26, 43, 39, 54, 28, 36, 6, 57, 22, 25, 31, 42, 17, 37, 49, 41, 53, 24, 21, 33, 32, 7, 19, 15, 30, 23, 55, 14, 38, 12, 11, 4, 1, 8, 20, 3, 5, 13, 10, 2, 9, 0]
----------------------------------------------------------------------------------
Temps d'exécution :0:58:12.105700
Les paramètres: 
La plaquette: [0, 2, 4, 6, 8, 10, 12, 14, 16, 18, 20, 22, 24, 26, 28, 30, 32, 34, 36, 38, 40, 42, 44, 46, 48, 50, 52, 54, 56, 58, 1, 3, 5, 7, 9, 11, 13, 15, 17, 19, 21, 23, 25, 27, 29, 31, 33, 35, 37, 39, 41, 43, 45, 47, 49, 51, 53, 55, 57, 59], Nombre de pas: 1000
Résultat du lancement de l'algo: 
Fitness obtenue: 7608858 après 998 pas
Nombre de fitness calculé en tout: 990000
Placement pour chaque équipement obtenu: [24, 2, 4, 18, 8, 16, 12, 42, 6, 40, 46, 22, 36, 26, 1, 9, 34, 43, 30, 0, 10, 14, 44, 20, 32, 50, 52, 25, 56, 11, 3, 27, 35, 7, 21, 23, 47, 13, 41, 19, 38, 48, 54, 17, 5, 55, 33, 29, 45, 59, 28, 58, 49, 15, 57, 51, 53, 31, 37, 39]
----------------------------------------------------------------------------------
Temps d'exécution :1:06:40.364000
Les paramètres: 
Itération: 10, Nombre de pas: 100
Résultat du lancement de l'algo: 
Fitness obtenue: 7522230 après 98 pas
Nombre de fitness calculé en tout: 989929
Placement pour chaque équipement obtenu: [47 15  2  3 23  5  0 48 16 22 10 27 28 13 17  1 14 36  6  7 40 21 19  8
 24 25 33 34  9 32 30 50 29 20 35 42 26  4 37 39 12 11 44 38 31 46 45 41
 54 49 55 51 52 53 18 58 56 57 43 59]
----------------------------------------------------------------------------------
Temps d'exécution :1:07:42.894730
Les paramètres: 
Itération: 10, Nombre de pas: 100
Résultat du lancement de l'algo: 
Fitness obtenue: 7522230 après 98 pas
Nombre de fitness calculé en tout: 988790
Placement pour chaque équipement obtenu: [47 15  2  3 23  5  0 48 16 22 10 27 28 13 17  1 14 36  6  7 40 21 19  8
 24 25 33 34  9 32 30 50 29 20 35 42 26  4 37 39 12 11 44 38 31 46 45 41
 54 49 55 51 52 53 18 58 56 57 43 59]
----------------------------------------------------------------------------------
Temps d'exécution :1:05:02.099406
Les paramètres: 
Itération: 10, Nombre de pas: 100
Résultat du lancement de l'algo: 
Fitness obtenue: 7509032 après 99 pas
Nombre de fitness calculé en tout: 988610
Placement pour chaque équipement obtenu: [40 20 33 48 24  5 15 55 23  0 46 31  8 26 51 28  6 36 35  3 41 42 58 47
 16 59 57 19 34 22  2 21 10 32  9 38 52 44  4 17  1 54 18 49 45 43 50 29
  7 39 11 53 12 37 13 27 56 30 14 25]
----------------------------------------------------------------------------------
Temps d'exécution :1:01:49.049466
Les paramètres: 
Itération: 10, Nombre de pas: 100
Résultat du lancement de l'algo: 
Fitness obtenue: 7522230 après 98 pas
Nombre de fitness calculé en tout: 988356
Placement pour chaque équipement obtenu: [47 15  2  3 23  5  0 48 16 22 10 27 28 13 17  1 14 36  6  7 40 21 19  8
 24 25 33 34  9 32 30 50 29 20 35 42 26  4 37 39 12 11 44 38 31 46 45 41
 54 49 55 51 52 53 18 58 56 57 43 59]
----------------------------------------------------------------------------------
Temps d'exécution :1:01:04.719060
Les paramètres: 
Itération: 10, Nombre de pas: 100
Résultat du lancement de l'algo: 
Fitness obtenue: 7522230 après 98 pas
Nombre de fitness calculé en tout: 987190
Placement pour chaque équipement obtenu: [47 15  2  3 23  5  0 48 16 22 10 27 28 13 17  1 14 36  6  7 40 21 19  8
 24 25 33 34  9 32 30 50 29 20 35 42 26  4 37 39 12 11 44 38 31 46 45 41
 54 49 55 51 52 53 18 58 56 57 43 59]
----------------------------------------------------------------------------------
Temps d'exécution :0:58:22.495046
Les paramètres: 
Itération: 10, Nombre de pas: 100
Résultat du lancement de l'algo: 
Fitness obtenue: 7522230 après 98 pas
Nombre de fitness calculé en tout: 987434
Placement pour chaque équipement obtenu: [47 15  2  3 23  5  0 48 16 22 10 27 28 13 17  1 14 36  6  7 40 21 19  8
 24 25 33 34  9 32 30 50 29 20 35 42 26  4 37 39 12 11 44 38 31 46 45 41
 54 49 55 51 52 53 18 58 56 57 43 59]
----------------------------------------------------------------------------------
Temps d'exécution :1:49:40.868710
Les paramètres: 
Itération: 25, Nombre de pas: 75
Résultat du lancement de l'algo: 
Fitness obtenue: 7486328 après 73 pas
Nombre de fitness calculé en tout: 1855826
Placement pour chaque équipement obtenu: [24 53  2 47 51 26 29 50 59 20  9 42 27 13 21  6 10 16 45 23 56 52 11 37
 35 34  1 30 58 28 17  0 32  3  8  5 48 19 22 46 36 57 33 55 12  7 18 39
 54  4 14 25 43 31 38 41 49 40 15 44]
----------------------------------------------------------------------------------
Temps d'exécution :1:51:12.334993
Les paramètres: 
Itération: 25, Nombre de pas: 75
Résultat du lancement de l'algo: 
Fitness obtenue: 7522230 après 74 pas
Nombre de fitness calculé en tout: 1854623
Placement pour chaque équipement obtenu: [47 15  2  3 23  5  0 48 16 22 10 27 28 13 17  1 14 36  6  7 40 21 19  8
 24 25 33 34  9 32 30 50 29 20 35 42 26  4 37 39 12 11 44 38 31 46 45 41
 54 49 55 51 52 53 18 58 56 57 43 59]
----------------------------------------------------------------------------------
