Temps d'exécution :0:00:00.571471
Les paramètres: 
La plaquette: [0, 1, 2, 3, 4, 5, 6, 7, 8, 9, 10, 11, 12, 13, 14, 15, 16, 17, 18, 19, 20, 21, 22, 23, 24, 25, 26, 27, 28, 29, 30, 31, 32, 33, 34, 35, 36, 37, 38, 39, 40, 41, 42, 43, 44, 45, 46, 47, 48, 49, 50, 51, 52, 53, 54, 55, 56, 57, 58, 59], Nombre de pas: 100
Résultat du lancement de l'algo: 
Fitness obtenue: 8409138 après 11 pas
Nombre de fitness calculé en tout: 100
Placement pour chaque équipement obtenu: [0, 1, 2, 27, 4, 22, 12, 7, 8, 17, 10, 18, 6, 13, 14, 15, 16, 35, 23, 19, 20, 31, 5, 11, 24, 25, 55, 33, 28, 29, 30, 21, 32, 3, 34, 9, 48, 52, 38, 39, 40, 41, 42, 43, 44, 45, 46, 47, 36, 49, 50, 51, 37, 53, 54, 26, 56, 57, 58, 59]
----------------------------------------------------------------------------------
Temps d'exécution :0:00:00.554517
Les paramètres: 
La plaquette: [59, 58, 57, 56, 55, 54, 53, 52, 51, 50, 49, 48, 47, 46, 45, 44, 43, 42, 41, 40, 39, 38, 37, 36, 35, 34, 33, 32, 31, 30, 29, 28, 27, 26, 25, 24, 23, 22, 21, 20, 19, 18, 17, 16, 15, 14, 13, 12, 11, 10, 9, 8, 7, 6, 5, 4, 3, 2, 1, 0], Nombre de pas: 100
Résultat du lancement de l'algo: 
Fitness obtenue: 8381874 après 80 pas
Nombre de fitness calculé en tout: 100
Placement pour chaque équipement obtenu: [40, 4, 34, 28, 38, 53, 9, 8, 41, 50, 29, 52, 56, 46, 7, 51, 43, 21, 39, 54, 42, 25, 6, 3, 2, 16, 12, 59, 14, 19, 0, 27, 37, 26, 33, 55, 18, 31, 10, 13, 48, 36, 11, 24, 30, 35, 15, 17, 57, 45, 20, 58, 1, 5, 49, 22, 47, 44, 32, 23]
----------------------------------------------------------------------------------
Temps d'exécution :0:00:00.541551
Les paramètres: 
La plaquette: [0, 2, 4, 6, 8, 10, 12, 14, 16, 18, 20, 22, 24, 26, 28, 30, 32, 34, 36, 38, 40, 42, 44, 46, 48, 50, 52, 54, 56, 58, 1, 3, 5, 7, 9, 11, 13, 15, 17, 19, 21, 23, 25, 27, 29, 31, 33, 35, 37, 39, 41, 43, 45, 47, 49, 51, 53, 55, 57, 59], Nombre de pas: 100
Résultat du lancement de l'algo: 
Fitness obtenue: 8425034 après 13 pas
Nombre de fitness calculé en tout: 100
Placement pour chaque équipement obtenu: [0, 56, 4, 6, 8, 39, 53, 46, 58, 18, 20, 22, 24, 26, 28, 50, 32, 34, 36, 38, 54, 2, 44, 14, 48, 30, 52, 23, 37, 29, 1, 55, 5, 7, 9, 11, 45, 15, 21, 19, 17, 40, 25, 27, 16, 31, 33, 35, 42, 10, 41, 43, 13, 47, 49, 51, 12, 3, 57, 59]
----------------------------------------------------------------------------------
Temps d'exécution :0:00:05.469368
Les paramètres: 
La plaquette: [0, 1, 2, 3, 4, 5, 6, 7, 8, 9, 10, 11, 12, 13, 14, 15, 16, 17, 18, 19, 20, 21, 22, 23, 24, 25, 26, 27, 28, 29, 30, 31, 32, 33, 34, 35, 36, 37, 38, 39, 40, 41, 42, 43, 44, 45, 46, 47, 48, 49, 50, 51, 52, 53, 54, 55, 56, 57, 58, 59], Nombre de pas: 1000
Résultat du lancement de l'algo: 
Fitness obtenue: 8250178 après 327 pas
Nombre de fitness calculé en tout: 1000
Placement pour chaque équipement obtenu: [36, 39, 7, 6, 11, 54, 49, 53, 59, 29, 44, 16, 20, 19, 51, 5, 3, 56, 28, 2, 47, 50, 43, 8, 17, 34, 25, 4, 0, 45, 13, 40, 41, 48, 42, 27, 21, 30, 23, 31, 15, 18, 14, 35, 12, 33, 22, 58, 9, 10, 57, 24, 26, 32, 46, 1, 55, 52, 38, 37]
----------------------------------------------------------------------------------
Temps d'exécution :0:00:05.292842
Les paramètres: 
La plaquette: [59, 58, 57, 56, 55, 54, 53, 52, 51, 50, 49, 48, 47, 46, 45, 44, 43, 42, 41, 40, 39, 38, 37, 36, 35, 34, 33, 32, 31, 30, 29, 28, 27, 26, 25, 24, 23, 22, 21, 20, 19, 18, 17, 16, 15, 14, 13, 12, 11, 10, 9, 8, 7, 6, 5, 4, 3, 2, 1, 0], Nombre de pas: 1000
Résultat du lancement de l'algo: 
Fitness obtenue: 8322666 après 136 pas
Nombre de fitness calculé en tout: 1000
Placement pour chaque équipement obtenu: [47, 45, 28, 43, 7, 8, 31, 52, 23, 32, 42, 10, 55, 38, 20, 19, 13, 15, 48, 9, 21, 25, 56, 36, 3, 58, 49, 40, 22, 17, 59, 27, 33, 6, 51, 30, 18, 53, 39, 35, 5, 29, 46, 11, 44, 41, 37, 50, 16, 2, 24, 1, 54, 0, 4, 14, 57, 12, 26, 34]
----------------------------------------------------------------------------------
Temps d'exécution :0:00:05.276882
Les paramètres: 
La plaquette: [0, 2, 4, 6, 8, 10, 12, 14, 16, 18, 20, 22, 24, 26, 28, 30, 32, 34, 36, 38, 40, 42, 44, 46, 48, 50, 52, 54, 56, 58, 1, 3, 5, 7, 9, 11, 13, 15, 17, 19, 21, 23, 25, 27, 29, 31, 33, 35, 37, 39, 41, 43, 45, 47, 49, 51, 53, 55, 57, 59], Nombre de pas: 1000
Résultat du lancement de l'algo: 
Fitness obtenue: 8328236 après 640 pas
Nombre de fitness calculé en tout: 1000
Placement pour chaque équipement obtenu: [19, 41, 59, 0, 30, 7, 13, 23, 9, 15, 53, 39, 49, 2, 40, 43, 24, 36, 29, 16, 32, 34, 47, 33, 22, 31, 37, 12, 54, 51, 57, 56, 8, 11, 6, 5, 52, 58, 20, 38, 18, 42, 50, 17, 4, 26, 25, 14, 46, 21, 35, 28, 48, 10, 45, 55, 44, 3, 1, 27]
----------------------------------------------------------------------------------
Temps d'exécution :0:00:26.587871
Les paramètres: 
La plaquette: [0, 1, 2, 3, 4, 5, 6, 7, 8, 9, 10, 11, 12, 13, 14, 15, 16, 17, 18, 19, 20, 21, 22, 23, 24, 25, 26, 27, 28, 29, 30, 31, 32, 33, 34, 35, 36, 37, 38, 39, 40, 41, 42, 43, 44, 45, 46, 47, 48, 49, 50, 51, 52, 53, 54, 55, 56, 57, 58, 59], Nombre de pas: 5000
Résultat du lancement de l'algo: 
Fitness obtenue: 8293384 après 808 pas
Nombre de fitness calculé en tout: 5000
Placement pour chaque équipement obtenu: [41, 0, 51, 15, 59, 42, 50, 4, 39, 7, 3, 8, 2, 29, 36, 26, 19, 31, 45, 5, 44, 21, 49, 30, 6, 25, 37, 11, 52, 54, 32, 46, 16, 17, 24, 18, 9, 57, 35, 34, 40, 10, 23, 14, 56, 13, 58, 38, 33, 27, 12, 1, 28, 47, 48, 53, 43, 55, 22, 20]
----------------------------------------------------------------------------------
Temps d'exécution :0:00:24.465549
Les paramètres: 
La plaquette: [59, 58, 57, 56, 55, 54, 53, 52, 51, 50, 49, 48, 47, 46, 45, 44, 43, 42, 41, 40, 39, 38, 37, 36, 35, 34, 33, 32, 31, 30, 29, 28, 27, 26, 25, 24, 23, 22, 21, 20, 19, 18, 17, 16, 15, 14, 13, 12, 11, 10, 9, 8, 7, 6, 5, 4, 3, 2, 1, 0], Nombre de pas: 5000
Résultat du lancement de l'algo: 
Fitness obtenue: 8278386 après 3484 pas
Nombre de fitness calculé en tout: 5000
Placement pour chaque équipement obtenu: [23, 38, 34, 51, 56, 40, 13, 1, 48, 5, 20, 14, 57, 31, 26, 19, 8, 27, 2, 33, 3, 25, 17, 54, 36, 50, 15, 41, 53, 39, 24, 59, 35, 29, 10, 11, 6, 21, 0, 32, 45, 22, 4, 52, 47, 46, 30, 9, 43, 49, 58, 16, 42, 37, 12, 7, 28, 18, 55, 44]
----------------------------------------------------------------------------------
Temps d'exécution :0:00:24.003784
Les paramètres: 
La plaquette: [0, 2, 4, 6, 8, 10, 12, 14, 16, 18, 20, 22, 24, 26, 28, 30, 32, 34, 36, 38, 40, 42, 44, 46, 48, 50, 52, 54, 56, 58, 1, 3, 5, 7, 9, 11, 13, 15, 17, 19, 21, 23, 25, 27, 29, 31, 33, 35, 37, 39, 41, 43, 45, 47, 49, 51, 53, 55, 57, 59], Nombre de pas: 5000
Résultat du lancement de l'algo: 
Fitness obtenue: 8255984 après 2329 pas
Nombre de fitness calculé en tout: 5000
Placement pour chaque équipement obtenu: [27, 31, 21, 16, 51, 36, 24, 37, 52, 2, 49, 53, 0, 59, 43, 35, 7, 10, 11, 14, 45, 33, 3, 15, 22, 23, 40, 25, 47, 57, 17, 9, 1, 26, 13, 5, 34, 56, 8, 41, 18, 54, 44, 32, 19, 58, 28, 39, 38, 30, 4, 42, 6, 46, 55, 48, 12, 20, 29, 50]
----------------------------------------------------------------------------------
Temps d'exécution :0:00:47.521832
Les paramètres: 
La plaquette: [0, 1, 2, 3, 4, 5, 6, 7, 8, 9, 10, 11, 12, 13, 14, 15, 16, 17, 18, 19, 20, 21, 22, 23, 24, 25, 26, 27, 28, 29, 30, 31, 32, 33, 34, 35, 36, 37, 38, 39, 40, 41, 42, 43, 44, 45, 46, 47, 48, 49, 50, 51, 52, 53, 54, 55, 56, 57, 58, 59], Nombre de pas: 10000
Résultat du lancement de l'algo: 
Fitness obtenue: 8276718 après 9057 pas
Nombre de fitness calculé en tout: 10000
Placement pour chaque équipement obtenu: [22, 7, 15, 35, 54, 59, 5, 8, 6, 53, 33, 57, 18, 26, 46, 1, 19, 45, 50, 51, 34, 42, 10, 17, 37, 38, 47, 31, 48, 32, 49, 9, 24, 20, 29, 23, 14, 39, 21, 25, 16, 40, 12, 2, 36, 4, 11, 3, 30, 56, 52, 13, 0, 41, 44, 55, 43, 27, 28, 58]
----------------------------------------------------------------------------------
Temps d'exécution :0:00:48.445397
Les paramètres: 
La plaquette: [59, 58, 57, 56, 55, 54, 53, 52, 51, 50, 49, 48, 47, 46, 45, 44, 43, 42, 41, 40, 39, 38, 37, 36, 35, 34, 33, 32, 31, 30, 29, 28, 27, 26, 25, 24, 23, 22, 21, 20, 19, 18, 17, 16, 15, 14, 13, 12, 11, 10, 9, 8, 7, 6, 5, 4, 3, 2, 1, 0], Nombre de pas: 10000
Résultat du lancement de l'algo: 
Fitness obtenue: 8310394 après 6174 pas
Nombre de fitness calculé en tout: 10000
Placement pour chaque équipement obtenu: [54, 23, 45, 47, 16, 55, 5, 50, 0, 21, 4, 59, 6, 15, 20, 40, 48, 34, 57, 31, 3, 22, 38, 2, 58, 27, 43, 29, 51, 39, 14, 33, 25, 36, 1, 41, 19, 42, 32, 28, 53, 13, 9, 12, 17, 18, 26, 44, 56, 46, 24, 11, 52, 49, 37, 8, 10, 30, 35, 7]
----------------------------------------------------------------------------------
Temps d'exécution :0:00:51.097306
Les paramètres: 
La plaquette: [0, 2, 4, 6, 8, 10, 12, 14, 16, 18, 20, 22, 24, 26, 28, 30, 32, 34, 36, 38, 40, 42, 44, 46, 48, 50, 52, 54, 56, 58, 1, 3, 5, 7, 9, 11, 13, 15, 17, 19, 21, 23, 25, 27, 29, 31, 33, 35, 37, 39, 41, 43, 45, 47, 49, 51, 53, 55, 57, 59], Nombre de pas: 10000
Résultat du lancement de l'algo: 
Fitness obtenue: 8292772 après 418 pas
Nombre de fitness calculé en tout: 10000
Placement pour chaque équipement obtenu: [32, 6, 42, 48, 22, 36, 29, 58, 18, 33, 31, 47, 8, 28, 9, 30, 44, 45, 57, 20, 1, 15, 21, 24, 34, 51, 3, 38, 0, 25, 52, 41, 59, 13, 26, 14, 16, 46, 10, 49, 4, 7, 39, 17, 23, 19, 53, 54, 12, 40, 43, 2, 11, 35, 5, 37, 50, 27, 56, 55]
----------------------------------------------------------------------------------
Temps d'exécution :0:04:22.921626
Les paramètres: 
La plaquette: [0, 1, 2, 3, 4, 5, 6, 7, 8, 9, 10, 11, 12, 13, 14, 15, 16, 17, 18, 19, 20, 21, 22, 23, 24, 25, 26, 27, 28, 29, 30, 31, 32, 33, 34, 35, 36, 37, 38, 39, 40, 41, 42, 43, 44, 45, 46, 47, 48, 49, 50, 51, 52, 53, 54, 55, 56, 57, 58, 59], Nombre de pas: 50000
Résultat du lancement de l'algo: 
Fitness obtenue: 8233810 après 8017 pas
Nombre de fitness calculé en tout: 50000
Placement pour chaque équipement obtenu: [7, 29, 33, 59, 38, 42, 20, 15, 55, 11, 30, 21, 56, 41, 37, 44, 57, 40, 9, 5, 52, 0, 35, 36, 4, 50, 14, 22, 48, 34, 6, 19, 3, 53, 2, 8, 24, 23, 12, 58, 31, 25, 49, 10, 32, 45, 43, 13, 54, 18, 16, 1, 47, 46, 39, 51, 17, 28, 26, 27]
----------------------------------------------------------------------------------
Temps d'exécution :0:04:26.894036
Les paramètres: 
La plaquette: [59, 58, 57, 56, 55, 54, 53, 52, 51, 50, 49, 48, 47, 46, 45, 44, 43, 42, 41, 40, 39, 38, 37, 36, 35, 34, 33, 32, 31, 30, 29, 28, 27, 26, 25, 24, 23, 22, 21, 20, 19, 18, 17, 16, 15, 14, 13, 12, 11, 10, 9, 8, 7, 6, 5, 4, 3, 2, 1, 0], Nombre de pas: 50000
Résultat du lancement de l'algo: 
Fitness obtenue: 8253094 après 5364 pas
Nombre de fitness calculé en tout: 50000
Placement pour chaque équipement obtenu: [11, 29, 18, 32, 22, 3, 12, 35, 16, 7, 28, 45, 33, 55, 56, 26, 13, 15, 14, 9, 27, 36, 38, 50, 40, 58, 19, 1, 41, 59, 37, 52, 21, 25, 54, 46, 48, 51, 0, 34, 20, 8, 53, 4, 49, 5, 2, 30, 6, 44, 57, 31, 47, 39, 24, 23, 42, 17, 10, 43]
----------------------------------------------------------------------------------
Temps d'exécution :0:04:25.555577
Les paramètres: 
La plaquette: [0, 2, 4, 6, 8, 10, 12, 14, 16, 18, 20, 22, 24, 26, 28, 30, 32, 34, 36, 38, 40, 42, 44, 46, 48, 50, 52, 54, 56, 58, 1, 3, 5, 7, 9, 11, 13, 15, 17, 19, 21, 23, 25, 27, 29, 31, 33, 35, 37, 39, 41, 43, 45, 47, 49, 51, 53, 55, 57, 59], Nombre de pas: 50000
Résultat du lancement de l'algo: 
Fitness obtenue: 8267302 après 34709 pas
Nombre de fitness calculé en tout: 50000
Placement pour chaque équipement obtenu: [11, 1, 31, 50, 35, 30, 56, 18, 14, 49, 53, 2, 44, 15, 19, 48, 29, 41, 42, 28, 8, 5, 33, 27, 9, 3, 37, 52, 46, 22, 6, 38, 4, 54, 55, 32, 43, 45, 59, 39, 34, 17, 0, 47, 21, 26, 51, 10, 12, 20, 13, 57, 58, 40, 25, 36, 16, 23, 24, 7]
----------------------------------------------------------------------------------
Temps d'exécution :0:07:06.660587
Les paramètres: 
Itération: 10, Nombre de pas: 10000
Résultat du lancement de l'algo: 
Fitness obtenue: 8189380 après 40 pas
Nombre de fitness calculé en tout: 100000
Placement pour chaque équipement obtenu: [19, 4, 16, 28, 33, 7, 52, 40, 6, 37, 1, 31, 21, 11, 39, 27, 9, 8, 29, 44, 26, 20, 24, 42, 55, 41, 25, 51, 43, 13, 36, 5, 57, 47, 14, 32, 56, 46, 48, 0, 22, 15, 10, 54, 50, 18, 2, 17, 45, 38, 23, 49, 30, 35, 58, 59, 3, 34, 53, 12]
----------------------------------------------------------------------------------
Temps d'exécution :0:03:56.069463
Les paramètres: 
Itération: 15, Nombre de pas: 5000
Résultat du lancement de l'algo: 
Fitness obtenue: 8198030 après 3310 pas
Nombre de fitness calculé en tout: 75000
Placement pour chaque équipement obtenu: [44, 9, 52, 3, 13, 58, 51, 49, 33, 53, 57, 25, 30, 6, 11, 22, 46, 36, 14, 45, 20, 2, 15, 32, 41, 40, 8, 34, 27, 29, 54, 39, 5, 35, 21, 4, 10, 17, 19, 38, 23, 16, 0, 26, 12, 56, 55, 18, 43, 28, 7, 50, 24, 42, 37, 48, 47, 59, 31, 1]
----------------------------------------------------------------------------------
Temps d'exécution :0:00:06.404905
Les paramètres: 
Itération: 20, Nombre de pas: 100
Résultat du lancement de l'algo: 
Fitness obtenue: 8250514 après 66 pas
Nombre de fitness calculé en tout: 2000
Placement pour chaque équipement obtenu: [27, 16, 33, 13, 3, 8, 39, 58, 37, 19, 53, 0, 17, 24, 29, 26, 21, 41, 46, 2, 6, 44, 31, 35, 23, 36, 12, 18, 59, 7, 25, 32, 11, 42, 28, 49, 1, 51, 52, 15, 34, 56, 10, 54, 38, 47, 9, 55, 40, 22, 30, 57, 45, 14, 5, 4, 43, 50, 48, 20]
----------------------------------------------------------------------------------
