Temps d'exécution :0:00:00.625290
Les paramètres: 
La plaquette: [0, 1, 2, 3, 4, 5, 6, 7, 8, 9, 10, 11, 12, 13, 14, 15, 16, 17, 18, 19, 20, 21, 22, 23, 24, 25, 26, 27, 28, 29, 30, 31, 32, 33, 34, 35, 36, 37, 38, 39, 40, 41, 42, 43, 44, 45, 46, 47, 48, 49, 50, 51, 52, 53, 54, 55, 56, 57, 58, 59, 60, 61, 62, 63, 64, 65, 66, 67, 68, 69, 70, 71, 72, 73, 74, 75, 76, 77, 78, 79], Nombre de pas: 100
Résultat du lancement de l'algo: 
Fitness obtenue: 15579618 après 94 pas
Nombre de fitness calculé en tout: 100
Placement pour chaque équipement obtenu: [8, 63, 17, 14, 10, 5, 67, 71, 34, 13, 38, 6, 11, 68, 27, 58, 39, 48, 69, 47, 19, 54, 22, 0, 12, 15, 9, 35, 36, 79, 57, 61, 16, 18, 37, 20, 46, 49, 40, 44, 43, 41, 32, 78, 56, 51, 45, 24, 65, 62, 4, 50, 1, 52, 53, 74, 70, 64, 21, 59, 60, 3, 28, 55, 29, 2, 66, 23, 73, 42, 76, 33, 72, 26, 25, 75, 30, 77, 7, 31]
----------------------------------------------------------------------------------
Temps d'exécution :0:00:00.627321
Les paramètres: 
La plaquette: [79, 78, 77, 76, 75, 74, 73, 72, 71, 70, 69, 68, 67, 66, 65, 64, 63, 62, 61, 60, 59, 58, 57, 56, 55, 54, 53, 52, 51, 50, 49, 48, 47, 46, 45, 44, 43, 42, 41, 40, 39, 38, 37, 36, 35, 34, 33, 32, 31, 30, 29, 28, 27, 26, 25, 24, 23, 22, 21, 20, 19, 18, 17, 16, 15, 14, 13, 12, 11, 10, 9, 8, 7, 6, 5, 4, 3, 2, 1, 0], Nombre de pas: 100
Résultat du lancement de l'algo: 
Fitness obtenue: 15532312 après 50 pas
Nombre de fitness calculé en tout: 100
Placement pour chaque équipement obtenu: [79, 51, 31, 5, 73, 68, 75, 44, 64, 8, 74, 65, 67, 66, 59, 13, 28, 50, 61, 12, 40, 39, 57, 56, 55, 54, 53, 52, 71, 11, 38, 37, 22, 29, 63, 19, 23, 42, 43, 72, 58, 32, 15, 76, 35, 34, 33, 69, 77, 30, 4, 14, 27, 26, 25, 24, 41, 47, 6, 48, 62, 18, 7, 16, 46, 10, 17, 36, 78, 20, 9, 49, 21, 60, 70, 45, 3, 2, 1, 0]
----------------------------------------------------------------------------------
Temps d'exécution :0:00:00.622335
Les paramètres: 
La plaquette: [0, 2, 4, 6, 8, 10, 12, 14, 16, 18, 20, 22, 24, 26, 28, 30, 32, 34, 36, 38, 40, 42, 44, 46, 48, 50, 52, 54, 56, 58, 60, 62, 64, 66, 68, 70, 72, 74, 76, 78, 1, 3, 5, 7, 9, 11, 13, 15, 17, 19, 21, 23, 25, 27, 29, 31, 33, 35, 37, 39, 41, 43, 45, 47, 49, 51, 53, 55, 57, 59, 61, 63, 65, 67, 69, 71, 73, 75, 77, 79], Nombre de pas: 100
Résultat du lancement de l'algo: 
Fitness obtenue: 15452884 après 25 pas
Nombre de fitness calculé en tout: 100
Placement pour chaque équipement obtenu: [12, 68, 79, 7, 0, 10, 41, 14, 16, 63, 43, 31, 24, 45, 18, 30, 32, 34, 36, 38, 40, 11, 44, 46, 48, 42, 52, 54, 56, 58, 60, 62, 64, 66, 2, 70, 78, 74, 76, 72, 4, 3, 5, 6, 9, 69, 13, 15, 25, 19, 21, 50, 17, 23, 29, 75, 53, 35, 37, 39, 22, 20, 33, 47, 49, 51, 67, 55, 57, 59, 61, 71, 65, 26, 27, 28, 73, 1, 77, 8]
----------------------------------------------------------------------------------
Temps d'exécution :0:00:06.207393
Les paramètres: 
La plaquette: [0, 1, 2, 3, 4, 5, 6, 7, 8, 9, 10, 11, 12, 13, 14, 15, 16, 17, 18, 19, 20, 21, 22, 23, 24, 25, 26, 27, 28, 29, 30, 31, 32, 33, 34, 35, 36, 37, 38, 39, 40, 41, 42, 43, 44, 45, 46, 47, 48, 49, 50, 51, 52, 53, 54, 55, 56, 57, 58, 59, 60, 61, 62, 63, 64, 65, 66, 67, 68, 69, 70, 71, 72, 73, 74, 75, 76, 77, 78, 79], Nombre de pas: 1000
Résultat du lancement de l'algo: 
Fitness obtenue: 15416908 après 569 pas
Nombre de fitness calculé en tout: 1000
Placement pour chaque équipement obtenu: [8, 66, 74, 63, 26, 42, 15, 3, 23, 40, 64, 68, 34, 1, 14, 72, 28, 62, 10, 2, 19, 57, 0, 67, 65, 73, 46, 79, 37, 4, 29, 36, 5, 41, 11, 35, 6, 49, 22, 45, 13, 78, 48, 52, 16, 7, 9, 51, 60, 59, 47, 75, 31, 55, 77, 17, 70, 39, 50, 43, 25, 69, 53, 24, 30, 56, 44, 71, 58, 33, 27, 20, 54, 61, 38, 76, 21, 12, 32, 18]
----------------------------------------------------------------------------------
Temps d'exécution :0:00:06.367928
Les paramètres: 
La plaquette: [79, 78, 77, 76, 75, 74, 73, 72, 71, 70, 69, 68, 67, 66, 65, 64, 63, 62, 61, 60, 59, 58, 57, 56, 55, 54, 53, 52, 51, 50, 49, 48, 47, 46, 45, 44, 43, 42, 41, 40, 39, 38, 37, 36, 35, 34, 33, 32, 31, 30, 29, 28, 27, 26, 25, 24, 23, 22, 21, 20, 19, 18, 17, 16, 15, 14, 13, 12, 11, 10, 9, 8, 7, 6, 5, 4, 3, 2, 1, 0], Nombre de pas: 1000
Résultat du lancement de l'algo: 
Fitness obtenue: 15376696 après 128 pas
Nombre de fitness calculé en tout: 1000
Placement pour chaque équipement obtenu: [79, 21, 15, 52, 55, 63, 47, 65, 24, 34, 33, 10, 19, 64, 73, 36, 39, 23, 38, 1, 43, 5, 20, 78, 31, 77, 28, 45, 58, 69, 51, 12, 62, 14, 25, 67, 22, 35, 7, 46, 59, 66, 40, 53, 6, 57, 48, 49, 68, 18, 56, 76, 26, 8, 2, 4, 30, 27, 29, 37, 54, 50, 16, 3, 0, 61, 13, 42, 75, 11, 44, 41, 32, 72, 71, 70, 9, 17, 60, 74]
----------------------------------------------------------------------------------
Temps d'exécution :0:00:06.459724
Les paramètres: 
La plaquette: [0, 2, 4, 6, 8, 10, 12, 14, 16, 18, 20, 22, 24, 26, 28, 30, 32, 34, 36, 38, 40, 42, 44, 46, 48, 50, 52, 54, 56, 58, 60, 62, 64, 66, 68, 70, 72, 74, 76, 78, 1, 3, 5, 7, 9, 11, 13, 15, 17, 19, 21, 23, 25, 27, 29, 31, 33, 35, 37, 39, 41, 43, 45, 47, 49, 51, 53, 55, 57, 59, 61, 63, 65, 67, 69, 71, 73, 75, 77, 79], Nombre de pas: 1000
Résultat du lancement de l'algo: 
Fitness obtenue: 15351760 après 850 pas
Nombre de fitness calculé en tout: 1000
Placement pour chaque équipement obtenu: [11, 57, 54, 77, 17, 62, 29, 12, 13, 16, 74, 53, 49, 26, 69, 4, 38, 73, 50, 67, 66, 78, 48, 1, 40, 70, 64, 27, 8, 75, 55, 65, 2, 14, 5, 39, 3, 20, 19, 28, 79, 9, 6, 47, 42, 31, 60, 63, 56, 33, 21, 32, 37, 30, 0, 58, 34, 36, 72, 41, 45, 18, 61, 7, 68, 46, 35, 23, 44, 76, 59, 43, 51, 24, 52, 22, 10, 15, 71, 25]
----------------------------------------------------------------------------------
Temps d'exécution :0:00:31.689224
Les paramètres: 
La plaquette: [0, 1, 2, 3, 4, 5, 6, 7, 8, 9, 10, 11, 12, 13, 14, 15, 16, 17, 18, 19, 20, 21, 22, 23, 24, 25, 26, 27, 28, 29, 30, 31, 32, 33, 34, 35, 36, 37, 38, 39, 40, 41, 42, 43, 44, 45, 46, 47, 48, 49, 50, 51, 52, 53, 54, 55, 56, 57, 58, 59, 60, 61, 62, 63, 64, 65, 66, 67, 68, 69, 70, 71, 72, 73, 74, 75, 76, 77, 78, 79], Nombre de pas: 5000
Résultat du lancement de l'algo: 
Fitness obtenue: 15227662 après 482 pas
Nombre de fitness calculé en tout: 5000
Placement pour chaque équipement obtenu: [54, 70, 59, 49, 7, 42, 2, 3, 8, 40, 61, 25, 67, 14, 51, 60, 5, 79, 52, 35, 69, 18, 26, 66, 38, 21, 24, 32, 15, 11, 13, 58, 45, 1, 55, 16, 37, 64, 9, 74, 27, 62, 31, 34, 48, 77, 46, 47, 57, 71, 65, 53, 30, 39, 17, 33, 29, 63, 76, 68, 23, 19, 6, 20, 41, 10, 36, 44, 43, 4, 78, 28, 0, 75, 50, 22, 56, 12, 72, 73]
----------------------------------------------------------------------------------
Temps d'exécution :0:00:32.941871
Les paramètres: 
La plaquette: [79, 78, 77, 76, 75, 74, 73, 72, 71, 70, 69, 68, 67, 66, 65, 64, 63, 62, 61, 60, 59, 58, 57, 56, 55, 54, 53, 52, 51, 50, 49, 48, 47, 46, 45, 44, 43, 42, 41, 40, 39, 38, 37, 36, 35, 34, 33, 32, 31, 30, 29, 28, 27, 26, 25, 24, 23, 22, 21, 20, 19, 18, 17, 16, 15, 14, 13, 12, 11, 10, 9, 8, 7, 6, 5, 4, 3, 2, 1, 0], Nombre de pas: 5000
Résultat du lancement de l'algo: 
Fitness obtenue: 15326582 après 4060 pas
Nombre de fitness calculé en tout: 5000
Placement pour chaque équipement obtenu: [36, 75, 4, 41, 59, 57, 20, 42, 7, 43, 78, 77, 10, 11, 55, 25, 14, 19, 9, 30, 69, 47, 65, 12, 64, 28, 13, 29, 15, 3, 79, 40, 46, 33, 70, 5, 56, 1, 31, 66, 73, 44, 34, 68, 2, 76, 72, 8, 37, 60, 63, 16, 26, 51, 38, 54, 50, 24, 27, 62, 0, 74, 18, 71, 45, 23, 17, 22, 48, 21, 53, 67, 52, 6, 49, 32, 35, 58, 61, 39]
----------------------------------------------------------------------------------
Temps d'exécution :0:00:32.004380
Les paramètres: 
La plaquette: [0, 2, 4, 6, 8, 10, 12, 14, 16, 18, 20, 22, 24, 26, 28, 30, 32, 34, 36, 38, 40, 42, 44, 46, 48, 50, 52, 54, 56, 58, 60, 62, 64, 66, 68, 70, 72, 74, 76, 78, 1, 3, 5, 7, 9, 11, 13, 15, 17, 19, 21, 23, 25, 27, 29, 31, 33, 35, 37, 39, 41, 43, 45, 47, 49, 51, 53, 55, 57, 59, 61, 63, 65, 67, 69, 71, 73, 75, 77, 79], Nombre de pas: 5000
Résultat du lancement de l'algo: 
Fitness obtenue: 15140068 après 1348 pas
Nombre de fitness calculé en tout: 5000
Placement pour chaque équipement obtenu: [49, 63, 42, 47, 62, 51, 65, 45, 78, 23, 39, 72, 37, 19, 25, 4, 17, 12, 41, 35, 56, 2, 26, 68, 75, 59, 44, 36, 5, 8, 0, 77, 20, 11, 55, 52, 61, 33, 18, 66, 28, 64, 22, 29, 70, 76, 21, 57, 60, 9, 1, 16, 79, 6, 13, 34, 67, 31, 38, 73, 50, 3, 32, 71, 74, 40, 58, 46, 48, 15, 7, 54, 69, 10, 27, 53, 24, 43, 30, 14]
----------------------------------------------------------------------------------
Temps d'exécution :0:01:05.388070
Les paramètres: 
La plaquette: [0, 1, 2, 3, 4, 5, 6, 7, 8, 9, 10, 11, 12, 13, 14, 15, 16, 17, 18, 19, 20, 21, 22, 23, 24, 25, 26, 27, 28, 29, 30, 31, 32, 33, 34, 35, 36, 37, 38, 39, 40, 41, 42, 43, 44, 45, 46, 47, 48, 49, 50, 51, 52, 53, 54, 55, 56, 57, 58, 59, 60, 61, 62, 63, 64, 65, 66, 67, 68, 69, 70, 71, 72, 73, 74, 75, 76, 77, 78, 79], Nombre de pas: 10000
Résultat du lancement de l'algo: 
Fitness obtenue: 15305104 après 1628 pas
Nombre de fitness calculé en tout: 10000
Placement pour chaque équipement obtenu: [62, 32, 61, 9, 47, 73, 70, 79, 50, 45, 78, 17, 5, 33, 57, 76, 60, 23, 51, 12, 3, 0, 13, 14, 66, 65, 34, 18, 24, 36, 35, 43, 4, 8, 58, 67, 72, 52, 56, 54, 31, 16, 1, 55, 53, 26, 75, 29, 46, 19, 59, 30, 63, 6, 7, 41, 44, 48, 49, 2, 42, 21, 22, 20, 37, 11, 27, 77, 64, 10, 15, 28, 25, 38, 39, 74, 69, 68, 71, 40]
----------------------------------------------------------------------------------
Temps d'exécution :0:01:37.351562
Les paramètres: 
La plaquette: [79, 78, 77, 76, 75, 74, 73, 72, 71, 70, 69, 68, 67, 66, 65, 64, 63, 62, 61, 60, 59, 58, 57, 56, 55, 54, 53, 52, 51, 50, 49, 48, 47, 46, 45, 44, 43, 42, 41, 40, 39, 38, 37, 36, 35, 34, 33, 32, 31, 30, 29, 28, 27, 26, 25, 24, 23, 22, 21, 20, 19, 18, 17, 16, 15, 14, 13, 12, 11, 10, 9, 8, 7, 6, 5, 4, 3, 2, 1, 0], Nombre de pas: 10000
Résultat du lancement de l'algo: 
Fitness obtenue: 15257542 après 2805 pas
Nombre de fitness calculé en tout: 10000
Placement pour chaque équipement obtenu: [69, 67, 36, 34, 25, 63, 30, 10, 43, 24, 2, 3, 14, 23, 52, 6, 1, 62, 47, 73, 15, 31, 53, 58, 50, 12, 46, 13, 76, 55, 29, 74, 49, 54, 44, 7, 35, 71, 8, 38, 17, 77, 0, 5, 16, 51, 11, 68, 45, 32, 60, 9, 42, 26, 56, 28, 66, 79, 27, 41, 70, 40, 37, 72, 19, 48, 4, 64, 65, 78, 22, 59, 57, 18, 33, 61, 39, 20, 21, 75]
----------------------------------------------------------------------------------
Temps d'exécution :0:01:40.943951
Les paramètres: 
La plaquette: [0, 2, 4, 6, 8, 10, 12, 14, 16, 18, 20, 22, 24, 26, 28, 30, 32, 34, 36, 38, 40, 42, 44, 46, 48, 50, 52, 54, 56, 58, 60, 62, 64, 66, 68, 70, 72, 74, 76, 78, 1, 3, 5, 7, 9, 11, 13, 15, 17, 19, 21, 23, 25, 27, 29, 31, 33, 35, 37, 39, 41, 43, 45, 47, 49, 51, 53, 55, 57, 59, 61, 63, 65, 67, 69, 71, 73, 75, 77, 79], Nombre de pas: 10000
Résultat du lancement de l'algo: 
Fitness obtenue: 15299156 après 5893 pas
Nombre de fitness calculé en tout: 10000
Placement pour chaque équipement obtenu: [27, 42, 68, 13, 55, 21, 66, 35, 76, 37, 2, 12, 22, 44, 65, 41, 58, 62, 39, 52, 56, 69, 72, 59, 6, 45, 19, 29, 16, 46, 40, 8, 73, 60, 49, 31, 67, 43, 63, 1, 50, 57, 18, 61, 75, 48, 23, 10, 0, 11, 34, 14, 20, 24, 30, 51, 9, 53, 32, 64, 7, 33, 28, 70, 78, 25, 38, 77, 4, 15, 71, 36, 79, 5, 47, 3, 26, 74, 54, 17]
----------------------------------------------------------------------------------
Temps d'exécution :0:08:38.643515
Les paramètres: 
La plaquette: [0, 1, 2, 3, 4, 5, 6, 7, 8, 9, 10, 11, 12, 13, 14, 15, 16, 17, 18, 19, 20, 21, 22, 23, 24, 25, 26, 27, 28, 29, 30, 31, 32, 33, 34, 35, 36, 37, 38, 39, 40, 41, 42, 43, 44, 45, 46, 47, 48, 49, 50, 51, 52, 53, 54, 55, 56, 57, 58, 59, 60, 61, 62, 63, 64, 65, 66, 67, 68, 69, 70, 71, 72, 73, 74, 75, 76, 77, 78, 79], Nombre de pas: 50000
Résultat du lancement de l'algo: 
Fitness obtenue: 15223478 après 3644 pas
Nombre de fitness calculé en tout: 50000
Placement pour chaque équipement obtenu: [6, 5, 39, 43, 58, 3, 70, 34, 66, 59, 45, 68, 18, 8, 29, 20, 62, 28, 52, 56, 23, 30, 64, 16, 35, 44, 50, 73, 12, 48, 47, 21, 57, 2, 78, 24, 76, 72, 54, 32, 14, 15, 53, 42, 74, 37, 7, 49, 10, 4, 17, 75, 46, 61, 0, 36, 67, 65, 25, 11, 19, 63, 1, 27, 51, 38, 41, 60, 31, 71, 33, 69, 55, 26, 79, 40, 22, 77, 9, 13]
----------------------------------------------------------------------------------
Temps d'exécution :0:09:19.490417
Les paramètres: 
La plaquette: [79, 78, 77, 76, 75, 74, 73, 72, 71, 70, 69, 68, 67, 66, 65, 64, 63, 62, 61, 60, 59, 58, 57, 56, 55, 54, 53, 52, 51, 50, 49, 48, 47, 46, 45, 44, 43, 42, 41, 40, 39, 38, 37, 36, 35, 34, 33, 32, 31, 30, 29, 28, 27, 26, 25, 24, 23, 22, 21, 20, 19, 18, 17, 16, 15, 14, 13, 12, 11, 10, 9, 8, 7, 6, 5, 4, 3, 2, 1, 0], Nombre de pas: 50000
Résultat du lancement de l'algo: 
Fitness obtenue: 15229016 après 32123 pas
Nombre de fitness calculé en tout: 50000
Placement pour chaque équipement obtenu: [20, 62, 61, 39, 7, 54, 19, 26, 67, 48, 15, 36, 27, 24, 52, 56, 23, 55, 49, 21, 57, 10, 78, 44, 28, 22, 8, 31, 73, 43, 74, 75, 14, 13, 72, 59, 42, 17, 0, 46, 2, 4, 35, 50, 58, 38, 69, 41, 76, 68, 45, 18, 40, 12, 63, 51, 11, 29, 53, 5, 66, 9, 77, 65, 60, 33, 32, 71, 47, 70, 16, 25, 64, 37, 6, 1, 34, 30, 3, 79]
----------------------------------------------------------------------------------
Temps d'exécution :0:09:03.223201
Les paramètres: 
La plaquette: [0, 2, 4, 6, 8, 10, 12, 14, 16, 18, 20, 22, 24, 26, 28, 30, 32, 34, 36, 38, 40, 42, 44, 46, 48, 50, 52, 54, 56, 58, 60, 62, 64, 66, 68, 70, 72, 74, 76, 78, 1, 3, 5, 7, 9, 11, 13, 15, 17, 19, 21, 23, 25, 27, 29, 31, 33, 35, 37, 39, 41, 43, 45, 47, 49, 51, 53, 55, 57, 59, 61, 63, 65, 67, 69, 71, 73, 75, 77, 79], Nombre de pas: 50000
Résultat du lancement de l'algo: 
Fitness obtenue: 15206736 après 18592 pas
Nombre de fitness calculé en tout: 50000
Placement pour chaque équipement obtenu: [78, 52, 66, 42, 27, 35, 13, 47, 59, 40, 28, 19, 50, 57, 77, 71, 58, 44, 11, 12, 51, 70, 8, 21, 73, 1, 22, 14, 63, 65, 48, 7, 41, 15, 75, 62, 39, 74, 4, 49, 72, 37, 76, 0, 5, 25, 2, 29, 20, 6, 9, 56, 23, 61, 32, 30, 79, 10, 53, 34, 26, 3, 68, 18, 33, 64, 54, 38, 17, 69, 24, 36, 67, 31, 46, 55, 43, 45, 60, 16]
----------------------------------------------------------------------------------
Temps d'exécution :0:16:18.580459
Les paramètres: 
Itération: 10, Nombre de pas: 10000
Résultat du lancement de l'algo: 
Fitness obtenue: 15206978 après 7245 pas
Nombre de fitness calculé en tout: 100000
Placement pour chaque équipement obtenu: [74, 21, 49, 57, 41, 44, 61, 11, 34, 20, 7, 33, 4, 48, 73, 55, 25, 42, 43, 45, 24, 27, 59, 72, 52, 13, 3, 46, 62, 67, 63, 69, 19, 54, 16, 32, 39, 30, 47, 15, 28, 6, 71, 8, 64, 23, 68, 17, 38, 37, 0, 65, 79, 1, 40, 10, 77, 9, 2, 18, 56, 50, 35, 60, 78, 22, 5, 53, 26, 12, 70, 36, 58, 75, 31, 29, 76, 66, 14, 51]
----------------------------------------------------------------------------------
Temps d'exécution :0:12:26.578594
Les paramètres: 
Itération: 15, Nombre de pas: 5000
Résultat du lancement de l'algo: 
Fitness obtenue: 15238754 après 3607 pas
Nombre de fitness calculé en tout: 75000
Placement pour chaque équipement obtenu: [43, 54, 11, 61, 30, 34, 64, 59, 71, 57, 41, 40, 18, 8, 29, 15, 33, 32, 78, 24, 21, 5, 75, 2, 58, 39, 62, 4, 37, 14, 9, 51, 69, 35, 52, 76, 65, 68, 49, 42, 63, 22, 73, 0, 23, 77, 72, 1, 20, 13, 28, 66, 38, 67, 36, 46, 48, 53, 27, 16, 3, 17, 19, 55, 44, 74, 12, 56, 47, 26, 60, 25, 7, 45, 70, 79, 50, 31, 10, 6]
----------------------------------------------------------------------------------
Temps d'exécution :0:00:20.228886
Les paramètres: 
Itération: 20, Nombre de pas: 100
Résultat du lancement de l'algo: 
Fitness obtenue: 15355876 après 69 pas
Nombre de fitness calculé en tout: 2000
Placement pour chaque équipement obtenu: [11, 38, 62, 2, 16, 4, 60, 34, 48, 30, 27, 50, 78, 72, 32, 58, 9, 65, 15, 41, 21, 1, 56, 64, 55, 3, 22, 36, 69, 14, 19, 71, 26, 37, 75, 68, 35, 53, 46, 10, 33, 20, 63, 31, 8, 25, 24, 0, 54, 44, 17, 12, 52, 29, 76, 59, 67, 77, 43, 49, 47, 73, 7, 39, 74, 66, 57, 5, 79, 13, 45, 51, 28, 6, 23, 18, 70, 40, 42, 61]
----------------------------------------------------------------------------------
