Temps d'exécution :0:00:01.718402
Les paramètres: 
La plaquette: [0, 1, 2, 3, 4, 5, 6, 7, 8, 9, 10, 11, 12, 13, 14, 15, 16, 17, 18, 19, 20, 21, 22, 23, 24, 25, 26, 27, 28, 29, 30, 31, 32, 33, 34, 35, 36, 37, 38, 39, 40, 41, 42, 43, 44, 45, 46, 47, 48, 49, 50, 51, 52, 53, 54, 55, 56, 57, 58, 59, 60, 61, 62, 63, 64, 65, 66, 67, 68, 69, 70, 71, 72, 73, 74, 75, 76, 77, 78, 79, 80, 81, 82, 83, 84, 85, 86, 87, 88, 89, 90, 91, 92, 93, 94, 95, 96, 97, 98, 99], Nombre de pas: 100
Résultat du lancement de l'algo: 
Fitness obtenue: 23924180 après 12 pas
Nombre de fitness calculé en tout: 100
Placement pour chaque équipement obtenu: [0, 1, 2, 3, 93, 5, 6, 7, 8, 9, 62, 11, 12, 13, 14, 15, 16, 20, 18, 19, 17, 21, 50, 23, 24, 25, 26, 27, 47, 29, 30, 55, 32, 73, 76, 35, 71, 37, 60, 99, 40, 41, 42, 43, 44, 45, 46, 28, 48, 49, 22, 51, 52, 53, 54, 31, 56, 57, 58, 59, 38, 61, 10, 63, 64, 65, 66, 67, 90, 69, 70, 84, 72, 33, 74, 75, 34, 77, 78, 79, 80, 81, 82, 83, 36, 85, 86, 87, 88, 89, 68, 91, 92, 4, 94, 95, 96, 97, 98, 39]
----------------------------------------------------------------------------------
Temps d'exécution :0:00:01.665544
Les paramètres: 
La plaquette: [99, 98, 97, 96, 95, 94, 93, 92, 91, 90, 89, 88, 87, 86, 85, 84, 83, 82, 81, 80, 79, 78, 77, 76, 75, 74, 73, 72, 71, 70, 69, 68, 67, 66, 65, 64, 63, 62, 61, 60, 59, 58, 57, 56, 55, 54, 53, 52, 51, 50, 49, 48, 47, 46, 45, 44, 43, 42, 41, 40, 39, 38, 37, 36, 35, 34, 33, 32, 31, 30, 29, 28, 27, 26, 25, 24, 23, 22, 21, 20, 19, 18, 17, 16, 15, 14, 13, 12, 11, 10, 9, 8, 7, 6, 5, 4, 3, 2, 1, 0], Nombre de pas: 100
Résultat du lancement de l'algo: 
Fitness obtenue: 23904084 après 3 pas
Nombre de fitness calculé en tout: 100
Placement pour chaque équipement obtenu: [99, 98, 97, 96, 95, 94, 93, 42, 91, 90, 89, 88, 87, 86, 85, 84, 83, 82, 81, 80, 79, 48, 77, 76, 75, 74, 73, 72, 71, 70, 69, 68, 67, 66, 65, 64, 63, 62, 24, 60, 59, 58, 57, 56, 55, 54, 53, 52, 51, 50, 49, 78, 47, 46, 45, 44, 43, 92, 41, 40, 39, 38, 37, 7, 35, 34, 33, 32, 31, 30, 29, 28, 27, 26, 25, 61, 23, 22, 21, 20, 19, 18, 17, 16, 15, 14, 13, 12, 11, 10, 9, 8, 36, 6, 5, 4, 3, 2, 1, 0]
----------------------------------------------------------------------------------
Temps d'exécution :0:00:01.640614
Les paramètres: 
La plaquette: [0, 2, 4, 6, 8, 10, 12, 14, 16, 18, 20, 22, 24, 26, 28, 30, 32, 34, 36, 38, 40, 42, 44, 46, 48, 50, 52, 54, 56, 58, 60, 62, 64, 66, 68, 70, 72, 74, 76, 78, 80, 82, 84, 86, 88, 90, 92, 94, 96, 98, 1, 3, 5, 7, 9, 11, 13, 15, 17, 19, 21, 23, 25, 27, 29, 31, 33, 35, 37, 39, 41, 43, 45, 47, 49, 51, 53, 55, 57, 59, 61, 63, 65, 67, 69, 71, 73, 75, 77, 79, 81, 83, 85, 87, 89, 91, 93, 95, 97, 99], Nombre de pas: 100
Résultat du lancement de l'algo: 
Fitness obtenue: 23650354 après 91 pas
Nombre de fitness calculé en tout: 100
Placement pour chaque équipement obtenu: [36, 2, 68, 45, 89, 51, 52, 16, 42, 0, 84, 18, 98, 79, 75, 30, 61, 93, 55, 88, 40, 1, 69, 87, 50, 13, 49, 54, 20, 32, 81, 29, 44, 66, 78, 38, 72, 21, 47, 48, 58, 26, 46, 86, 62, 28, 56, 64, 11, 57, 76, 82, 4, 25, 33, 24, 60, 92, 17, 96, 5, 23, 71, 97, 90, 31, 9, 35, 91, 80, 41, 43, 15, 95, 3, 85, 53, 70, 34, 37, 7, 19, 65, 67, 22, 14, 94, 12, 77, 83, 59, 63, 10, 74, 8, 27, 6, 73, 39, 99]
----------------------------------------------------------------------------------
Temps d'exécution :0:00:17.023456
Les paramètres: 
La plaquette: [0, 1, 2, 3, 4, 5, 6, 7, 8, 9, 10, 11, 12, 13, 14, 15, 16, 17, 18, 19, 20, 21, 22, 23, 24, 25, 26, 27, 28, 29, 30, 31, 32, 33, 34, 35, 36, 37, 38, 39, 40, 41, 42, 43, 44, 45, 46, 47, 48, 49, 50, 51, 52, 53, 54, 55, 56, 57, 58, 59, 60, 61, 62, 63, 64, 65, 66, 67, 68, 69, 70, 71, 72, 73, 74, 75, 76, 77, 78, 79, 80, 81, 82, 83, 84, 85, 86, 87, 88, 89, 90, 91, 92, 93, 94, 95, 96, 97, 98, 99], Nombre de pas: 1000
Résultat du lancement de l'algo: 
Fitness obtenue: 23613250 après 471 pas
Nombre de fitness calculé en tout: 1000
Placement pour chaque équipement obtenu: [4, 40, 71, 54, 76, 99, 47, 62, 3, 19, 5, 88, 39, 1, 42, 61, 23, 72, 66, 92, 9, 30, 95, 81, 16, 64, 38, 63, 59, 35, 15, 8, 11, 78, 46, 60, 86, 82, 83, 53, 29, 48, 51, 79, 90, 56, 85, 17, 89, 37, 28, 31, 26, 55, 49, 36, 70, 43, 97, 65, 24, 96, 98, 32, 74, 13, 2, 12, 20, 87, 44, 67, 94, 80, 77, 57, 25, 34, 0, 50, 33, 75, 45, 41, 84, 93, 58, 10, 14, 21, 73, 69, 22, 52, 18, 91, 7, 27, 6, 68]
----------------------------------------------------------------------------------
Temps d'exécution :0:00:16.413090
Les paramètres: 
La plaquette: [99, 98, 97, 96, 95, 94, 93, 92, 91, 90, 89, 88, 87, 86, 85, 84, 83, 82, 81, 80, 79, 78, 77, 76, 75, 74, 73, 72, 71, 70, 69, 68, 67, 66, 65, 64, 63, 62, 61, 60, 59, 58, 57, 56, 55, 54, 53, 52, 51, 50, 49, 48, 47, 46, 45, 44, 43, 42, 41, 40, 39, 38, 37, 36, 35, 34, 33, 32, 31, 30, 29, 28, 27, 26, 25, 24, 23, 22, 21, 20, 19, 18, 17, 16, 15, 14, 13, 12, 11, 10, 9, 8, 7, 6, 5, 4, 3, 2, 1, 0], Nombre de pas: 1000
Résultat du lancement de l'algo: 
Fitness obtenue: 23763516 après 362 pas
Nombre de fitness calculé en tout: 1000
Placement pour chaque équipement obtenu: [89, 53, 91, 99, 79, 1, 11, 74, 68, 38, 88, 44, 65, 20, 24, 3, 21, 0, 71, 55, 19, 78, 45, 9, 96, 5, 56, 27, 57, 81, 84, 22, 41, 33, 75, 37, 80, 86, 61, 26, 36, 85, 66, 92, 8, 83, 18, 62, 50, 72, 52, 58, 95, 32, 87, 39, 70, 2, 25, 48, 54, 13, 59, 60, 93, 40, 94, 7, 4, 90, 16, 82, 6, 28, 67, 46, 35, 23, 64, 43, 12, 30, 10, 15, 77, 17, 42, 73, 29, 14, 76, 31, 69, 34, 49, 98, 51, 97, 63, 47]
----------------------------------------------------------------------------------
Temps d'exécution :0:00:16.801055
Les paramètres: 
La plaquette: [0, 2, 4, 6, 8, 10, 12, 14, 16, 18, 20, 22, 24, 26, 28, 30, 32, 34, 36, 38, 40, 42, 44, 46, 48, 50, 52, 54, 56, 58, 60, 62, 64, 66, 68, 70, 72, 74, 76, 78, 80, 82, 84, 86, 88, 90, 92, 94, 96, 98, 1, 3, 5, 7, 9, 11, 13, 15, 17, 19, 21, 23, 25, 27, 29, 31, 33, 35, 37, 39, 41, 43, 45, 47, 49, 51, 53, 55, 57, 59, 61, 63, 65, 67, 69, 71, 73, 75, 77, 79, 81, 83, 85, 87, 89, 91, 93, 95, 97, 99], Nombre de pas: 1000
Résultat du lancement de l'algo: 
Fitness obtenue: 23754136 après 930 pas
Nombre de fitness calculé en tout: 1000
Placement pour chaque équipement obtenu: [69, 56, 2, 73, 10, 75, 20, 58, 38, 17, 54, 60, 89, 96, 61, 86, 49, 52, 81, 51, 5, 36, 0, 83, 23, 68, 29, 19, 44, 31, 99, 39, 93, 64, 59, 90, 11, 41, 7, 67, 33, 1, 63, 87, 53, 88, 40, 32, 14, 77, 97, 12, 80, 13, 34, 47, 65, 22, 8, 45, 6, 92, 50, 25, 85, 16, 74, 46, 76, 26, 18, 9, 55, 57, 24, 15, 48, 3, 35, 70, 21, 72, 4, 91, 95, 37, 84, 30, 78, 27, 66, 28, 79, 94, 43, 62, 71, 42, 98, 82]
----------------------------------------------------------------------------------
Temps d'exécution :0:01:26.239288
Les paramètres: 
La plaquette: [0, 1, 2, 3, 4, 5, 6, 7, 8, 9, 10, 11, 12, 13, 14, 15, 16, 17, 18, 19, 20, 21, 22, 23, 24, 25, 26, 27, 28, 29, 30, 31, 32, 33, 34, 35, 36, 37, 38, 39, 40, 41, 42, 43, 44, 45, 46, 47, 48, 49, 50, 51, 52, 53, 54, 55, 56, 57, 58, 59, 60, 61, 62, 63, 64, 65, 66, 67, 68, 69, 70, 71, 72, 73, 74, 75, 76, 77, 78, 79, 80, 81, 82, 83, 84, 85, 86, 87, 88, 89, 90, 91, 92, 93, 94, 95, 96, 97, 98, 99], Nombre de pas: 5000
Résultat du lancement de l'algo: 
Fitness obtenue: 23734372 après 4528 pas
Nombre de fitness calculé en tout: 5000
Placement pour chaque équipement obtenu: [41, 19, 77, 29, 52, 88, 43, 37, 82, 3, 32, 96, 66, 9, 73, 11, 22, 39, 54, 35, 2, 40, 27, 42, 81, 50, 74, 4, 20, 16, 69, 67, 93, 80, 7, 18, 23, 75, 89, 56, 46, 68, 62, 97, 12, 48, 61, 15, 33, 65, 79, 14, 70, 47, 71, 1, 91, 64, 60, 25, 99, 0, 58, 24, 38, 72, 85, 98, 36, 86, 87, 49, 10, 44, 6, 13, 26, 30, 57, 34, 45, 90, 92, 94, 83, 31, 76, 84, 55, 28, 21, 8, 53, 63, 59, 17, 95, 78, 5, 51]
----------------------------------------------------------------------------------
Temps d'exécution :0:01:23.775881
Les paramètres: 
La plaquette: [99, 98, 97, 96, 95, 94, 93, 92, 91, 90, 89, 88, 87, 86, 85, 84, 83, 82, 81, 80, 79, 78, 77, 76, 75, 74, 73, 72, 71, 70, 69, 68, 67, 66, 65, 64, 63, 62, 61, 60, 59, 58, 57, 56, 55, 54, 53, 52, 51, 50, 49, 48, 47, 46, 45, 44, 43, 42, 41, 40, 39, 38, 37, 36, 35, 34, 33, 32, 31, 30, 29, 28, 27, 26, 25, 24, 23, 22, 21, 20, 19, 18, 17, 16, 15, 14, 13, 12, 11, 10, 9, 8, 7, 6, 5, 4, 3, 2, 1, 0], Nombre de pas: 5000
Résultat du lancement de l'algo: 
Fitness obtenue: 23779140 après 228 pas
Nombre de fitness calculé en tout: 5000
Placement pour chaque équipement obtenu: [64, 14, 5, 23, 71, 43, 79, 34, 37, 45, 11, 20, 10, 69, 62, 93, 3, 24, 12, 84, 16, 36, 4, 70, 9, 35, 31, 7, 89, 50, 66, 25, 56, 33, 78, 42, 74, 83, 98, 67, 39, 49, 52, 1, 81, 17, 91, 29, 53, 59, 73, 46, 60, 15, 6, 68, 95, 77, 8, 90, 72, 30, 41, 54, 97, 47, 86, 65, 19, 61, 55, 27, 44, 82, 40, 18, 96, 87, 32, 51, 38, 75, 80, 48, 85, 26, 99, 13, 63, 88, 28, 22, 2, 94, 0, 21, 58, 76, 57, 92]
----------------------------------------------------------------------------------
Temps d'exécution :0:01:33.800750
Les paramètres: 
La plaquette: [0, 2, 4, 6, 8, 10, 12, 14, 16, 18, 20, 22, 24, 26, 28, 30, 32, 34, 36, 38, 40, 42, 44, 46, 48, 50, 52, 54, 56, 58, 60, 62, 64, 66, 68, 70, 72, 74, 76, 78, 80, 82, 84, 86, 88, 90, 92, 94, 96, 98, 1, 3, 5, 7, 9, 11, 13, 15, 17, 19, 21, 23, 25, 27, 29, 31, 33, 35, 37, 39, 41, 43, 45, 47, 49, 51, 53, 55, 57, 59, 61, 63, 65, 67, 69, 71, 73, 75, 77, 79, 81, 83, 85, 87, 89, 91, 93, 95, 97, 99], Nombre de pas: 5000
Résultat du lancement de l'algo: 
Fitness obtenue: 23734386 après 3373 pas
Nombre de fitness calculé en tout: 5000
Placement pour chaque équipement obtenu: [36, 43, 81, 74, 42, 26, 34, 45, 84, 70, 76, 73, 95, 50, 39, 51, 77, 3, 1, 11, 18, 91, 28, 64, 98, 48, 13, 24, 80, 90, 30, 9, 14, 17, 38, 82, 41, 69, 0, 52, 44, 66, 32, 47, 29, 21, 61, 49, 27, 12, 63, 25, 97, 40, 53, 94, 16, 79, 93, 31, 46, 5, 57, 96, 10, 75, 59, 2, 33, 7, 72, 71, 56, 54, 86, 23, 60, 83, 4, 35, 99, 85, 55, 8, 37, 78, 22, 15, 67, 58, 65, 6, 88, 89, 92, 19, 20, 87, 62, 68]
----------------------------------------------------------------------------------
Temps d'exécution :0:03:01.140408
Les paramètres: 
La plaquette: [0, 1, 2, 3, 4, 5, 6, 7, 8, 9, 10, 11, 12, 13, 14, 15, 16, 17, 18, 19, 20, 21, 22, 23, 24, 25, 26, 27, 28, 29, 30, 31, 32, 33, 34, 35, 36, 37, 38, 39, 40, 41, 42, 43, 44, 45, 46, 47, 48, 49, 50, 51, 52, 53, 54, 55, 56, 57, 58, 59, 60, 61, 62, 63, 64, 65, 66, 67, 68, 69, 70, 71, 72, 73, 74, 75, 76, 77, 78, 79, 80, 81, 82, 83, 84, 85, 86, 87, 88, 89, 90, 91, 92, 93, 94, 95, 96, 97, 98, 99], Nombre de pas: 10000
Résultat du lancement de l'algo: 
Fitness obtenue: 23647928 après 3295 pas
Nombre de fitness calculé en tout: 10000
Placement pour chaque équipement obtenu: [54, 32, 3, 95, 81, 7, 17, 89, 40, 12, 73, 59, 63, 91, 82, 92, 26, 62, 34, 20, 25, 23, 83, 42, 88, 14, 24, 61, 97, 29, 76, 98, 28, 2, 33, 56, 53, 38, 64, 93, 77, 43, 84, 31, 10, 69, 49, 16, 74, 48, 67, 51, 47, 45, 39, 44, 52, 75, 6, 15, 78, 72, 65, 9, 50, 99, 8, 0, 66, 96, 27, 79, 4, 90, 19, 37, 21, 1, 22, 11, 94, 71, 85, 5, 18, 55, 41, 60, 13, 46, 30, 58, 87, 80, 70, 57, 86, 36, 68, 35]
----------------------------------------------------------------------------------
Temps d'exécution :0:02:53.417071
Les paramètres: 
La plaquette: [99, 98, 97, 96, 95, 94, 93, 92, 91, 90, 89, 88, 87, 86, 85, 84, 83, 82, 81, 80, 79, 78, 77, 76, 75, 74, 73, 72, 71, 70, 69, 68, 67, 66, 65, 64, 63, 62, 61, 60, 59, 58, 57, 56, 55, 54, 53, 52, 51, 50, 49, 48, 47, 46, 45, 44, 43, 42, 41, 40, 39, 38, 37, 36, 35, 34, 33, 32, 31, 30, 29, 28, 27, 26, 25, 24, 23, 22, 21, 20, 19, 18, 17, 16, 15, 14, 13, 12, 11, 10, 9, 8, 7, 6, 5, 4, 3, 2, 1, 0], Nombre de pas: 10000
Résultat du lancement de l'algo: 
Fitness obtenue: 23687338 après 8176 pas
Nombre de fitness calculé en tout: 10000
Placement pour chaque équipement obtenu: [44, 82, 97, 93, 83, 6, 31, 87, 76, 54, 34, 92, 29, 21, 66, 56, 71, 26, 99, 50, 23, 96, 24, 72, 86, 36, 90, 27, 94, 47, 38, 74, 58, 52, 46, 13, 62, 57, 69, 51, 7, 37, 70, 88, 19, 89, 45, 63, 25, 75, 17, 55, 77, 61, 0, 14, 20, 40, 98, 4, 30, 22, 1, 64, 49, 80, 41, 33, 91, 48, 39, 28, 84, 85, 81, 9, 16, 79, 78, 42, 95, 53, 3, 15, 59, 8, 11, 32, 5, 2, 65, 73, 35, 43, 10, 60, 12, 68, 67, 18]
----------------------------------------------------------------------------------
Temps d'exécution :0:02:47.530818
Les paramètres: 
La plaquette: [0, 2, 4, 6, 8, 10, 12, 14, 16, 18, 20, 22, 24, 26, 28, 30, 32, 34, 36, 38, 40, 42, 44, 46, 48, 50, 52, 54, 56, 58, 60, 62, 64, 66, 68, 70, 72, 74, 76, 78, 80, 82, 84, 86, 88, 90, 92, 94, 96, 98, 1, 3, 5, 7, 9, 11, 13, 15, 17, 19, 21, 23, 25, 27, 29, 31, 33, 35, 37, 39, 41, 43, 45, 47, 49, 51, 53, 55, 57, 59, 61, 63, 65, 67, 69, 71, 73, 75, 77, 79, 81, 83, 85, 87, 89, 91, 93, 95, 97, 99], Nombre de pas: 10000
Résultat du lancement de l'algo: 
Fitness obtenue: 23709530 après 5940 pas
Nombre de fitness calculé en tout: 10000
Placement pour chaque équipement obtenu: [4, 29, 59, 30, 83, 62, 16, 78, 35, 42, 57, 67, 11, 84, 64, 91, 52, 18, 2, 44, 53, 85, 39, 54, 96, 69, 7, 40, 27, 17, 19, 13, 86, 22, 25, 8, 97, 48, 82, 0, 15, 63, 20, 58, 10, 72, 3, 21, 93, 28, 88, 36, 45, 37, 49, 6, 32, 87, 92, 80, 73, 66, 14, 75, 38, 5, 76, 95, 43, 79, 81, 23, 90, 68, 9, 50, 89, 71, 34, 33, 61, 46, 31, 24, 12, 1, 41, 65, 99, 70, 56, 47, 26, 60, 51, 94, 74, 98, 77, 55]
----------------------------------------------------------------------------------
Temps d'exécution :0:14:21.159209
Les paramètres: 
La plaquette: [0, 1, 2, 3, 4, 5, 6, 7, 8, 9, 10, 11, 12, 13, 14, 15, 16, 17, 18, 19, 20, 21, 22, 23, 24, 25, 26, 27, 28, 29, 30, 31, 32, 33, 34, 35, 36, 37, 38, 39, 40, 41, 42, 43, 44, 45, 46, 47, 48, 49, 50, 51, 52, 53, 54, 55, 56, 57, 58, 59, 60, 61, 62, 63, 64, 65, 66, 67, 68, 69, 70, 71, 72, 73, 74, 75, 76, 77, 78, 79, 80, 81, 82, 83, 84, 85, 86, 87, 88, 89, 90, 91, 92, 93, 94, 95, 96, 97, 98, 99], Nombre de pas: 50000
Résultat du lancement de l'algo: 
Fitness obtenue: 23649818 après 11625 pas
Nombre de fitness calculé en tout: 50000
Placement pour chaque équipement obtenu: [86, 40, 95, 85, 30, 53, 21, 52, 2, 34, 60, 76, 54, 51, 84, 36, 65, 50, 87, 97, 78, 77, 47, 6, 4, 90, 7, 58, 55, 61, 74, 16, 18, 94, 31, 49, 39, 14, 57, 35, 80, 22, 43, 82, 45, 27, 11, 29, 75, 3, 37, 13, 71, 32, 96, 81, 17, 99, 63, 83, 1, 41, 92, 24, 69, 19, 89, 68, 38, 0, 10, 98, 28, 64, 8, 44, 42, 25, 93, 33, 72, 5, 46, 20, 70, 15, 66, 23, 48, 9, 59, 73, 91, 79, 62, 88, 12, 67, 26, 56]
----------------------------------------------------------------------------------
Temps d'exécution :0:14:04.789003
Les paramètres: 
La plaquette: [99, 98, 97, 96, 95, 94, 93, 92, 91, 90, 89, 88, 87, 86, 85, 84, 83, 82, 81, 80, 79, 78, 77, 76, 75, 74, 73, 72, 71, 70, 69, 68, 67, 66, 65, 64, 63, 62, 61, 60, 59, 58, 57, 56, 55, 54, 53, 52, 51, 50, 49, 48, 47, 46, 45, 44, 43, 42, 41, 40, 39, 38, 37, 36, 35, 34, 33, 32, 31, 30, 29, 28, 27, 26, 25, 24, 23, 22, 21, 20, 19, 18, 17, 16, 15, 14, 13, 12, 11, 10, 9, 8, 7, 6, 5, 4, 3, 2, 1, 0], Nombre de pas: 50000
Résultat du lancement de l'algo: 
Fitness obtenue: 23602618 après 39694 pas
Nombre de fitness calculé en tout: 50000
Placement pour chaque équipement obtenu: [54, 4, 28, 63, 29, 99, 57, 8, 75, 52, 9, 26, 74, 13, 44, 25, 3, 45, 24, 97, 36, 53, 98, 51, 66, 59, 48, 77, 95, 81, 32, 96, 82, 69, 62, 31, 34, 42, 20, 39, 43, 15, 49, 91, 50, 23, 87, 64, 56, 88, 10, 79, 16, 7, 40, 90, 72, 93, 14, 92, 30, 85, 21, 55, 86, 71, 67, 22, 35, 65, 1, 0, 6, 80, 27, 70, 76, 33, 17, 58, 46, 38, 18, 68, 19, 2, 61, 84, 12, 94, 78, 60, 47, 73, 11, 5, 41, 89, 83, 37]
----------------------------------------------------------------------------------
Temps d'exécution :0:14:04.767057
Les paramètres: 
La plaquette: [0, 2, 4, 6, 8, 10, 12, 14, 16, 18, 20, 22, 24, 26, 28, 30, 32, 34, 36, 38, 40, 42, 44, 46, 48, 50, 52, 54, 56, 58, 60, 62, 64, 66, 68, 70, 72, 74, 76, 78, 80, 82, 84, 86, 88, 90, 92, 94, 96, 98, 1, 3, 5, 7, 9, 11, 13, 15, 17, 19, 21, 23, 25, 27, 29, 31, 33, 35, 37, 39, 41, 43, 45, 47, 49, 51, 53, 55, 57, 59, 61, 63, 65, 67, 69, 71, 73, 75, 77, 79, 81, 83, 85, 87, 89, 91, 93, 95, 97, 99], Nombre de pas: 50000
Résultat du lancement de l'algo: 
Fitness obtenue: 23634022 après 48682 pas
Nombre de fitness calculé en tout: 50000
Placement pour chaque équipement obtenu: [59, 50, 28, 55, 17, 42, 96, 29, 76, 66, 0, 81, 52, 98, 2, 7, 27, 39, 80, 86, 79, 94, 23, 4, 90, 71, 41, 45, 97, 74, 68, 13, 61, 9, 62, 47, 37, 67, 65, 33, 3, 78, 75, 77, 57, 54, 48, 31, 43, 84, 38, 15, 1, 69, 20, 82, 30, 63, 85, 89, 16, 40, 26, 24, 19, 72, 88, 60, 64, 25, 14, 35, 91, 87, 70, 44, 34, 18, 36, 32, 11, 58, 10, 92, 53, 12, 21, 5, 83, 99, 46, 95, 49, 51, 73, 6, 8, 56, 22, 93]
----------------------------------------------------------------------------------
Temps d'exécution :0:28:13.564880
Les paramètres: 
Itération: 10, Nombre de pas: 10000
Résultat du lancement de l'algo: 
Fitness obtenue: 23607820 après 3476 pas
Nombre de fitness calculé en tout: 100000
Placement pour chaque équipement obtenu: [29, 46, 94, 81, 50, 0, 20, 76, 23, 37, 39, 55, 77, 49, 58, 96, 7, 19, 65, 15, 89, 57, 99, 92, 67, 44, 74, 86, 87, 56, 93, 84, 60, 82, 21, 88, 45, 59, 43, 10, 69, 12, 38, 63, 72, 64, 5, 31, 53, 2, 70, 3, 83, 40, 6, 73, 35, 79, 71, 17, 14, 52, 32, 27, 1, 9, 33, 42, 25, 8, 30, 91, 16, 80, 98, 51, 48, 95, 22, 62, 97, 54, 41, 11, 78, 36, 24, 75, 26, 66, 47, 4, 68, 13, 90, 34, 28, 18, 85, 61]
----------------------------------------------------------------------------------
Temps d'exécution :0:21:59.803345
Les paramètres: 
Itération: 15, Nombre de pas: 5000
Résultat du lancement de l'algo: 
Fitness obtenue: 23604146 après 1471 pas
Nombre de fitness calculé en tout: 75000
Placement pour chaque équipement obtenu: [24, 49, 26, 8, 31, 58, 71, 77, 59, 62, 76, 38, 32, 93, 36, 48, 23, 72, 92, 55, 68, 17, 74, 95, 46, 80, 99, 94, 13, 35, 40, 22, 18, 44, 43, 52, 45, 33, 16, 98, 87, 28, 86, 97, 70, 15, 91, 53, 2, 30, 34, 14, 10, 20, 9, 25, 50, 89, 42, 54, 96, 3, 66, 90, 75, 79, 60, 63, 84, 0, 39, 64, 19, 56, 37, 57, 82, 21, 12, 51, 5, 85, 47, 65, 4, 61, 88, 1, 6, 67, 7, 11, 27, 78, 83, 69, 73, 41, 29, 81]
----------------------------------------------------------------------------------
Temps d'exécution :0:00:37.021957
Les paramètres: 
Itération: 20, Nombre de pas: 100
Résultat du lancement de l'algo: 
Fitness obtenue: 23703474 après 86 pas
Nombre de fitness calculé en tout: 2000
Placement pour chaque équipement obtenu: [35, 96, 2, 82, 59, 58, 43, 68, 45, 9, 46, 81, 71, 40, 95, 94, 51, 56, 73, 87, 89, 33, 98, 42, 24, 25, 60, 26, 32, 29, 79, 44, 14, 39, 72, 4, 70, 83, 69, 12, 48, 85, 11, 6, 88, 55, 74, 10, 19, 38, 97, 16, 37, 5, 78, 54, 36, 47, 53, 21, 20, 61, 30, 23, 31, 65, 27, 18, 93, 67, 90, 49, 92, 63, 7, 75, 76, 91, 13, 77, 80, 1, 8, 64, 84, 0, 3, 17, 66, 62, 28, 41, 34, 99, 15, 86, 52, 50, 22, 57]
----------------------------------------------------------------------------------
