Temps d'exécution :0:00:00.197472
Les paramètres: 
La plaquette: [0, 1, 2, 3, 4, 5, 6, 7, 8, 9, 10, 11, 12, 13, 14, 15, 16, 17, 18, 19, 20, 21, 22, 23, 24, 25, 26, 27, 28, 29, 30, 31, 32, 33, 34, 35, 36, 37, 38, 39, 40, 41, 42, 43, 44, 45, 46, 47, 48, 49], Nombre de pas: 100
Résultat du lancement de l'algo: 
Fitness obtenue: 5790824 après 17 pas
Nombre de fitness calculé en tout: 100
Placement pour chaque équipement obtenu: [0, 5, 2, 49, 4, 20, 12, 7, 34, 25, 27, 11, 33, 13, 14, 15, 16, 17, 18, 28, 1, 19, 22, 23, 24, 10, 26, 9, 21, 29, 39, 31, 6, 48, 8, 35, 36, 46, 38, 43, 40, 41, 42, 32, 44, 45, 3, 47, 30, 37]
----------------------------------------------------------------------------------
Temps d'exécution :0:00:00.190492
Les paramètres: 
La plaquette: [49, 48, 47, 46, 45, 44, 43, 42, 41, 40, 39, 38, 37, 36, 35, 34, 33, 32, 31, 30, 29, 28, 27, 26, 25, 24, 23, 22, 21, 20, 19, 18, 17, 16, 15, 14, 13, 12, 11, 10, 9, 8, 7, 6, 5, 4, 3, 2, 1, 0], Nombre de pas: 100
Résultat du lancement de l'algo: 
Fitness obtenue: 5806198 après 57 pas
Nombre de fitness calculé en tout: 100
Placement pour chaque équipement obtenu: [29, 44, 15, 28, 3, 33, 34, 16, 39, 38, 17, 19, 37, 22, 49, 2, 36, 12, 43, 32, 4, 1, 47, 24, 46, 11, 13, 10, 21, 41, 25, 42, 20, 14, 26, 48, 35, 5, 7, 18, 23, 45, 9, 8, 27, 30, 40, 31, 6, 0]
----------------------------------------------------------------------------------
Temps d'exécution :0:00:00.188467
Les paramètres: 
La plaquette: [0, 2, 4, 6, 8, 10, 12, 14, 16, 18, 20, 22, 24, 26, 28, 30, 32, 34, 36, 38, 40, 42, 44, 46, 48, 1, 3, 5, 7, 9, 11, 13, 15, 17, 19, 21, 23, 25, 27, 29, 31, 33, 35, 37, 39, 41, 43, 45, 47, 49], Nombre de pas: 100
Résultat du lancement de l'algo: 
Fitness obtenue: 5744266 après 96 pas
Nombre de fitness calculé en tout: 100
Placement pour chaque équipement obtenu: [41, 0, 25, 29, 6, 21, 48, 15, 39, 40, 11, 17, 38, 20, 22, 14, 37, 16, 33, 49, 12, 35, 19, 8, 32, 1, 30, 43, 31, 9, 18, 13, 34, 46, 47, 44, 7, 42, 5, 26, 36, 2, 45, 24, 4, 10, 23, 28, 27, 3]
----------------------------------------------------------------------------------
Temps d'exécution :0:00:01.918907
Les paramètres: 
La plaquette: [0, 1, 2, 3, 4, 5, 6, 7, 8, 9, 10, 11, 12, 13, 14, 15, 16, 17, 18, 19, 20, 21, 22, 23, 24, 25, 26, 27, 28, 29, 30, 31, 32, 33, 34, 35, 36, 37, 38, 39, 40, 41, 42, 43, 44, 45, 46, 47, 48, 49], Nombre de pas: 1000
Résultat du lancement de l'algo: 
Fitness obtenue: 5726412 après 921 pas
Nombre de fitness calculé en tout: 1000
Placement pour chaque équipement obtenu: [8, 37, 3, 18, 40, 38, 11, 28, 45, 22, 31, 12, 25, 17, 1, 29, 0, 21, 33, 6, 35, 24, 41, 26, 32, 10, 30, 13, 49, 15, 43, 27, 2, 7, 14, 23, 39, 20, 16, 19, 36, 4, 42, 34, 48, 46, 5, 9, 44, 47]
----------------------------------------------------------------------------------
Temps d'exécution :0:00:01.911887
Les paramètres: 
La plaquette: [49, 48, 47, 46, 45, 44, 43, 42, 41, 40, 39, 38, 37, 36, 35, 34, 33, 32, 31, 30, 29, 28, 27, 26, 25, 24, 23, 22, 21, 20, 19, 18, 17, 16, 15, 14, 13, 12, 11, 10, 9, 8, 7, 6, 5, 4, 3, 2, 1, 0], Nombre de pas: 1000
Résultat du lancement de l'algo: 
Fitness obtenue: 5726894 après 694 pas
Nombre de fitness calculé en tout: 1000
Placement pour chaque équipement obtenu: [48, 44, 7, 14, 10, 15, 30, 6, 16, 1, 33, 18, 23, 49, 8, 32, 39, 9, 47, 21, 42, 28, 12, 13, 36, 41, 25, 37, 22, 34, 24, 26, 17, 11, 43, 0, 45, 29, 4, 27, 35, 2, 40, 31, 46, 20, 38, 19, 3, 5]
----------------------------------------------------------------------------------
Temps d'exécution :0:00:01.895887
Les paramètres: 
La plaquette: [0, 2, 4, 6, 8, 10, 12, 14, 16, 18, 20, 22, 24, 26, 28, 30, 32, 34, 36, 38, 40, 42, 44, 46, 48, 1, 3, 5, 7, 9, 11, 13, 15, 17, 19, 21, 23, 25, 27, 29, 31, 33, 35, 37, 39, 41, 43, 45, 47, 49], Nombre de pas: 1000
Résultat du lancement de l'algo: 
Fitness obtenue: 5729530 après 597 pas
Nombre de fitness calculé en tout: 1000
Placement pour chaque équipement obtenu: [16, 10, 33, 9, 47, 14, 41, 0, 40, 7, 2, 31, 3, 43, 29, 35, 42, 28, 37, 4, 1, 30, 46, 26, 34, 22, 27, 18, 24, 12, 5, 6, 45, 17, 13, 49, 8, 38, 23, 19, 48, 15, 20, 21, 32, 39, 44, 36, 25, 11]
----------------------------------------------------------------------------------
Temps d'exécution :0:00:09.386881
Les paramètres: 
La plaquette: [0, 1, 2, 3, 4, 5, 6, 7, 8, 9, 10, 11, 12, 13, 14, 15, 16, 17, 18, 19, 20, 21, 22, 23, 24, 25, 26, 27, 28, 29, 30, 31, 32, 33, 34, 35, 36, 37, 38, 39, 40, 41, 42, 43, 44, 45, 46, 47, 48, 49], Nombre de pas: 5000
Résultat du lancement de l'algo: 
Fitness obtenue: 5660604 après 4283 pas
Nombre de fitness calculé en tout: 5000
Placement pour chaque équipement obtenu: [23, 0, 31, 36, 47, 12, 13, 30, 20, 32, 42, 27, 44, 46, 48, 43, 49, 15, 28, 1, 14, 3, 26, 8, 2, 24, 22, 38, 10, 45, 19, 6, 33, 40, 29, 5, 21, 35, 39, 11, 17, 25, 16, 41, 4, 9, 34, 18, 7, 37]
----------------------------------------------------------------------------------
Temps d'exécution :0:00:09.913442
Les paramètres: 
La plaquette: [49, 48, 47, 46, 45, 44, 43, 42, 41, 40, 39, 38, 37, 36, 35, 34, 33, 32, 31, 30, 29, 28, 27, 26, 25, 24, 23, 22, 21, 20, 19, 18, 17, 16, 15, 14, 13, 12, 11, 10, 9, 8, 7, 6, 5, 4, 3, 2, 1, 0], Nombre de pas: 5000
Résultat du lancement de l'algo: 
Fitness obtenue: 5693620 après 1682 pas
Nombre de fitness calculé en tout: 5000
Placement pour chaque équipement obtenu: [30, 24, 45, 28, 38, 48, 7, 0, 37, 31, 6, 23, 40, 42, 43, 34, 3, 10, 22, 12, 13, 1, 9, 14, 32, 2, 15, 47, 35, 8, 26, 17, 49, 33, 16, 41, 18, 46, 25, 11, 21, 29, 36, 5, 20, 39, 19, 44, 27, 4]
----------------------------------------------------------------------------------
Temps d'exécution :0:00:12.570333
Les paramètres: 
La plaquette: [0, 2, 4, 6, 8, 10, 12, 14, 16, 18, 20, 22, 24, 26, 28, 30, 32, 34, 36, 38, 40, 42, 44, 46, 48, 1, 3, 5, 7, 9, 11, 13, 15, 17, 19, 21, 23, 25, 27, 29, 31, 33, 35, 37, 39, 41, 43, 45, 47, 49], Nombre de pas: 5000
Résultat du lancement de l'algo: 
Fitness obtenue: 5728932 après 249 pas
Nombre de fitness calculé en tout: 5000
Placement pour chaque équipement obtenu: [7, 40, 10, 14, 31, 18, 0, 34, 39, 29, 48, 47, 19, 8, 4, 35, 26, 41, 16, 49, 25, 12, 44, 33, 2, 15, 43, 37, 45, 28, 36, 24, 1, 46, 13, 42, 32, 5, 17, 22, 21, 27, 9, 11, 6, 23, 30, 3, 20, 38]
----------------------------------------------------------------------------------
Temps d'exécution :0:00:28.778951
Les paramètres: 
La plaquette: [0, 1, 2, 3, 4, 5, 6, 7, 8, 9, 10, 11, 12, 13, 14, 15, 16, 17, 18, 19, 20, 21, 22, 23, 24, 25, 26, 27, 28, 29, 30, 31, 32, 33, 34, 35, 36, 37, 38, 39, 40, 41, 42, 43, 44, 45, 46, 47, 48, 49], Nombre de pas: 10000
Résultat du lancement de l'algo: 
Fitness obtenue: 5690324 après 3045 pas
Nombre de fitness calculé en tout: 10000
Placement pour chaque équipement obtenu: [22, 39, 4, 15, 3, 27, 46, 49, 18, 20, 13, 11, 40, 5, 43, 7, 47, 35, 12, 45, 17, 10, 9, 32, 42, 37, 2, 16, 28, 8, 33, 6, 44, 36, 29, 31, 41, 30, 0, 34, 48, 24, 21, 23, 19, 14, 1, 38, 26, 25]
----------------------------------------------------------------------------------
Temps d'exécution :0:00:29.598855
Les paramètres: 
La plaquette: [49, 48, 47, 46, 45, 44, 43, 42, 41, 40, 39, 38, 37, 36, 35, 34, 33, 32, 31, 30, 29, 28, 27, 26, 25, 24, 23, 22, 21, 20, 19, 18, 17, 16, 15, 14, 13, 12, 11, 10, 9, 8, 7, 6, 5, 4, 3, 2, 1, 0], Nombre de pas: 10000
Résultat du lancement de l'algo: 
Fitness obtenue: 5697630 après 3068 pas
Nombre de fitness calculé en tout: 10000
Placement pour chaque équipement obtenu: [36, 10, 6, 42, 47, 41, 17, 1, 38, 20, 29, 45, 12, 23, 43, 13, 28, 39, 32, 3, 19, 34, 15, 22, 9, 37, 35, 40, 31, 16, 11, 4, 27, 44, 18, 49, 5, 30, 46, 33, 25, 0, 24, 21, 7, 14, 8, 26, 48, 2]
----------------------------------------------------------------------------------
Temps d'exécution :0:00:28.764087
Les paramètres: 
La plaquette: [0, 2, 4, 6, 8, 10, 12, 14, 16, 18, 20, 22, 24, 26, 28, 30, 32, 34, 36, 38, 40, 42, 44, 46, 48, 1, 3, 5, 7, 9, 11, 13, 15, 17, 19, 21, 23, 25, 27, 29, 31, 33, 35, 37, 39, 41, 43, 45, 47, 49], Nombre de pas: 10000
Résultat du lancement de l'algo: 
Fitness obtenue: 5695360 après 2290 pas
Nombre de fitness calculé en tout: 10000
Placement pour chaque équipement obtenu: [36, 26, 23, 35, 39, 16, 32, 0, 21, 25, 2, 8, 11, 24, 22, 6, 18, 17, 37, 44, 47, 38, 30, 10, 15, 5, 1, 40, 9, 19, 20, 29, 12, 14, 3, 34, 46, 28, 4, 49, 27, 31, 7, 45, 42, 41, 48, 13, 33, 43]
----------------------------------------------------------------------------------
Temps d'exécution :6:33:57.784894
Les paramètres: 
La plaquette: [0, 1, 2, 3, 4, 5, 6, 7, 8, 9, 10, 11, 12, 13, 14, 15, 16, 17, 18, 19, 20, 21, 22, 23, 24, 25, 26, 27, 28, 29, 30, 31, 32, 33, 34, 35, 36, 37, 38, 39, 40, 41, 42, 43, 44, 45, 46, 47, 48, 49], Nombre de pas: 25000
Résultat du lancement de l'algo: 
Fitness obtenue: 5665760 après 2485 pas
Nombre de fitness calculé en tout: 25000
Placement pour chaque équipement obtenu: [41, 13, 22, 39, 27, 40, 49, 1, 42, 10, 18, 17, 7, 45, 5, 21, 30, 31, 29, 23, 25, 37, 46, 9, 6, 2, 4, 19, 44, 8, 20, 48, 43, 15, 28, 14, 0, 47, 34, 24, 12, 16, 26, 11, 3, 33, 35, 32, 38, 36]
----------------------------------------------------------------------------------
Temps d'exécution :0:01:15.367375
Les paramètres: 
La plaquette: [49, 48, 47, 46, 45, 44, 43, 42, 41, 40, 39, 38, 37, 36, 35, 34, 33, 32, 31, 30, 29, 28, 27, 26, 25, 24, 23, 22, 21, 20, 19, 18, 17, 16, 15, 14, 13, 12, 11, 10, 9, 8, 7, 6, 5, 4, 3, 2, 1, 0], Nombre de pas: 25000
Résultat du lancement de l'algo: 
Fitness obtenue: 5689174 après 17083 pas
Nombre de fitness calculé en tout: 25000
Placement pour chaque équipement obtenu: [20, 40, 27, 19, 41, 6, 15, 14, 28, 30, 35, 4, 22, 11, 23, 42, 32, 25, 36, 47, 9, 0, 5, 24, 26, 10, 1, 13, 37, 48, 46, 39, 29, 18, 21, 16, 3, 49, 31, 45, 38, 34, 33, 44, 2, 8, 7, 12, 17, 43]
----------------------------------------------------------------------------------
Temps d'exécution :0:01:12.450180
Les paramètres: 
La plaquette: [0, 2, 4, 6, 8, 10, 12, 14, 16, 18, 20, 22, 24, 26, 28, 30, 32, 34, 36, 38, 40, 42, 44, 46, 48, 1, 3, 5, 7, 9, 11, 13, 15, 17, 19, 21, 23, 25, 27, 29, 31, 33, 35, 37, 39, 41, 43, 45, 47, 49], Nombre de pas: 25000
Résultat du lancement de l'algo: 
Fitness obtenue: 5694530 après 24258 pas
Nombre de fitness calculé en tout: 25000
Placement pour chaque équipement obtenu: [49, 42, 37, 15, 43, 30, 22, 24, 19, 11, 27, 20, 18, 1, 13, 44, 26, 40, 16, 47, 0, 34, 28, 23, 39, 48, 29, 35, 41, 32, 12, 46, 6, 2, 5, 14, 25, 4, 9, 10, 3, 21, 31, 45, 33, 17, 7, 38, 8, 36]
----------------------------------------------------------------------------------
Temps d'exécution :0:02:25.754075
Les paramètres: 
La plaquette: [0, 1, 2, 3, 4, 5, 6, 7, 8, 9, 10, 11, 12, 13, 14, 15, 16, 17, 18, 19, 20, 21, 22, 23, 24, 25, 26, 27, 28, 29, 30, 31, 32, 33, 34, 35, 36, 37, 38, 39, 40, 41, 42, 43, 44, 45, 46, 47, 48, 49], Nombre de pas: 50000
Résultat du lancement de l'algo: 
Fitness obtenue: 5680032 après 12475 pas
Nombre de fitness calculé en tout: 50000
Placement pour chaque équipement obtenu: [35, 4, 1, 2, 49, 7, 48, 5, 6, 28, 29, 31, 24, 27, 43, 45, 19, 15, 38, 42, 14, 9, 46, 39, 10, 11, 26, 33, 18, 37, 21, 23, 16, 3, 41, 25, 13, 17, 20, 8, 44, 32, 12, 40, 0, 30, 22, 47, 34, 36]
----------------------------------------------------------------------------------
Temps d'exécution :0:02:32.841116
Les paramètres: 
La plaquette: [49, 48, 47, 46, 45, 44, 43, 42, 41, 40, 39, 38, 37, 36, 35, 34, 33, 32, 31, 30, 29, 28, 27, 26, 25, 24, 23, 22, 21, 20, 19, 18, 17, 16, 15, 14, 13, 12, 11, 10, 9, 8, 7, 6, 5, 4, 3, 2, 1, 0], Nombre de pas: 50000
Résultat du lancement de l'algo: 
Fitness obtenue: 5661492 après 28023 pas
Nombre de fitness calculé en tout: 50000
Placement pour chaque équipement obtenu: [46, 7, 18, 3, 44, 41, 23, 6, 13, 38, 14, 29, 20, 12, 34, 17, 15, 45, 5, 1, 35, 10, 2, 11, 24, 42, 40, 32, 36, 25, 47, 48, 21, 49, 31, 4, 33, 43, 22, 27, 9, 37, 16, 30, 26, 0, 28, 39, 19, 8]
----------------------------------------------------------------------------------
Temps d'exécution :0:02:39.490330
Les paramètres: 
La plaquette: [0, 2, 4, 6, 8, 10, 12, 14, 16, 18, 20, 22, 24, 26, 28, 30, 32, 34, 36, 38, 40, 42, 44, 46, 48, 1, 3, 5, 7, 9, 11, 13, 15, 17, 19, 21, 23, 25, 27, 29, 31, 33, 35, 37, 39, 41, 43, 45, 47, 49], Nombre de pas: 50000
Résultat du lancement de l'algo: 
Fitness obtenue: 5674822 après 24005 pas
Nombre de fitness calculé en tout: 50000
Placement pour chaque équipement obtenu: [3, 10, 0, 31, 11, 21, 37, 16, 7, 12, 25, 48, 45, 26, 22, 39, 30, 34, 29, 19, 49, 41, 28, 8, 13, 2, 18, 40, 46, 17, 23, 14, 9, 38, 33, 43, 1, 27, 36, 6, 42, 24, 15, 47, 4, 44, 20, 32, 5, 35]
----------------------------------------------------------------------------------
Temps d'exécution :0:05:14.766927
Les paramètres: 
La plaquette: [0, 1, 2, 3, 4, 5, 6, 7, 8, 9, 10, 11, 12, 13, 14, 15, 16, 17, 18, 19, 20, 21, 22, 23, 24, 25, 26, 27, 28, 29, 30, 31, 32, 33, 34, 35, 36, 37, 38, 39, 40, 41, 42, 43, 44, 45, 46, 47, 48, 49], Nombre de pas: 100000
Résultat du lancement de l'algo: 
Fitness obtenue: 5637146 après 95014 pas
Nombre de fitness calculé en tout: 100000
Placement pour chaque équipement obtenu: [14, 21, 10, 29, 48, 45, 26, 8, 33, 24, 46, 3, 20, 18, 17, 32, 44, 6, 43, 36, 13, 16, 12, 25, 47, 11, 42, 28, 22, 2, 37, 41, 34, 38, 0, 7, 39, 19, 35, 31, 9, 49, 40, 4, 5, 15, 23, 1, 27, 30]
----------------------------------------------------------------------------------
Temps d'exécution :0:05:07.607083
Les paramètres: 
La plaquette: [49, 48, 47, 46, 45, 44, 43, 42, 41, 40, 39, 38, 37, 36, 35, 34, 33, 32, 31, 30, 29, 28, 27, 26, 25, 24, 23, 22, 21, 20, 19, 18, 17, 16, 15, 14, 13, 12, 11, 10, 9, 8, 7, 6, 5, 4, 3, 2, 1, 0], Nombre de pas: 100000
Résultat du lancement de l'algo: 
Fitness obtenue: 5646592 après 56993 pas
Nombre de fitness calculé en tout: 100000
Placement pour chaque équipement obtenu: [6, 20, 26, 9, 0, 28, 4, 37, 36, 18, 45, 17, 40, 34, 30, 19, 8, 10, 35, 5, 48, 38, 31, 15, 29, 11, 43, 21, 16, 42, 32, 49, 23, 2, 13, 39, 3, 47, 27, 25, 41, 7, 14, 1, 22, 33, 44, 46, 24, 12]
----------------------------------------------------------------------------------
Temps d'exécution :0:05:11.577494
Les paramètres: 
La plaquette: [0, 2, 4, 6, 8, 10, 12, 14, 16, 18, 20, 22, 24, 26, 28, 30, 32, 34, 36, 38, 40, 42, 44, 46, 48, 1, 3, 5, 7, 9, 11, 13, 15, 17, 19, 21, 23, 25, 27, 29, 31, 33, 35, 37, 39, 41, 43, 45, 47, 49], Nombre de pas: 100000
Résultat du lancement de l'algo: 
Fitness obtenue: 5663242 après 2678 pas
Nombre de fitness calculé en tout: 100000
Placement pour chaque équipement obtenu: [19, 40, 47, 27, 9, 10, 5, 45, 42, 46, 41, 25, 23, 18, 3, 14, 33, 49, 21, 31, 26, 24, 34, 8, 37, 35, 32, 48, 36, 7, 0, 1, 28, 15, 39, 17, 38, 6, 12, 20, 43, 30, 13, 4, 29, 44, 11, 22, 16, 2]
----------------------------------------------------------------------------------
Temps d'exécution :0:25:46.416989
Les paramètres: 
Itération: 10, Nombre de pas: 50000
Résultat du lancement de l'algo: 
Fitness obtenue: 5663132 après 45346 pas
Nombre de fitness calculé en tout: 500000
Placement pour chaque équipement obtenu: [5, 41, 4, 38, 14, 31, 25, 6, 2, 49, 46, 40, 45, 33, 9, 23, 0, 35, 3, 28, 13, 32, 43, 12, 10, 19, 21, 8, 29, 42, 26, 30, 34, 17, 7, 39, 18, 47, 15, 16, 27, 24, 44, 20, 37, 11, 1, 36, 22, 48]
----------------------------------------------------------------------------------
Temps d'exécution :0:07:44.112396
Les paramètres: 
Itération: 15, Nombre de pas: 10000
Résultat du lancement de l'algo: 
Fitness obtenue: 5639344 après 5100 pas
Nombre de fitness calculé en tout: 150000
Placement pour chaque équipement obtenu: [17, 35, 0, 43, 30, 9, 2, 39, 25, 47, 11, 36, 32, 15, 38, 31, 42, 24, 48, 7, 33, 20, 27, 18, 5, 22, 40, 14, 28, 41, 8, 3, 12, 23, 19, 49, 34, 21, 37, 13, 45, 29, 46, 4, 10, 6, 1, 26, 16, 44]
----------------------------------------------------------------------------------
Temps d'exécution :0:01:05.572578
Les paramètres: 
Itération: 20, Nombre de pas: 1000
Résultat du lancement de l'algo: 
Fitness obtenue: 5676534 après 135 pas
Nombre de fitness calculé en tout: 20000
Placement pour chaque équipement obtenu: [2, 40, 26, 39, 10, 32, 44, 7, 34, 14, 33, 47, 23, 13, 19, 5, 20, 35, 25, 49, 0, 22, 11, 3, 30, 46, 21, 29, 8, 48, 4, 28, 6, 27, 31, 1, 43, 41, 16, 9, 36, 15, 38, 45, 18, 17, 37, 42, 24, 12]
----------------------------------------------------------------------------------
